06082021 00:00|09052021|09|2|1|||SM9|SUPERMEDIA|02147260174||0431066158822|||||||DET|148,99|122,12|148,99|0|0|0|0|0|0|0|0|1||8018080404412|1062363|CELLULAR LINE|SOFTGALA02ST|1|9,99|0|9,99|8,19|VEN||0|5,42
06082021 00:00|09052021|09|2|1|||SM9|SUPERMEDIA|02147260174||0431066158822|||||||DET|148,99|122,12|148,99|0|0|0|0|0|0|0|0|2||8806090872945|1063442|SAMSUNG|GALAXY A02 BLACK|1|139,00|0|139,00|113,93|VEN||0|104,43
06082021 00:00|09052021|10|3|2|||SM9|SUPERMEDIA|02147260174|||||||||DET|6,99|5,73|6,99|0|0|0|0|0|0|0|0|1||8018417225550|0590113|EKON|ECITUSB18ABMMK|1|6,99|0|6,99|5,73|VEN||0|2,97
06082021 00:00|09052021|10|4|3|||SM9|SUPERMEDIA|02147260174|||||||||DET|177,92|145,85|177,92|0|0|0|0|0|0|0|0|1||5099206027275|0254646|LOGITECH|910-002235|1|15,99|0|15,99|13,11|VEN||0|8,63
06082021 00:00|09052021|10|4|3|||SM9|SUPERMEDIA|02147260174|||||||||DET|177,92|145,85|177,92|0|0|0|0|0|0|0|0|2||5099206027275|0254646|LOGITECH|910-002235|1|15,99|0|15,99|13,11|VEN||0|8,63
06082021 00:00|09052021|10|4|3|||SM9|SUPERMEDIA|02147260174|||||||||DET|177,92|145,85|177,92|0|0|0|0|0|0|0|0|3||5099206028845|0393764|LOGITECH|910-002237|1|15,99|0|15,99|13,11|VEN||0|8,64
06082021 00:00|09052021|10|4|3|||SM9|SUPERMEDIA|02147260174|||||||||DET|177,92|145,85|177,92|0|0|0|0|0|0|0|0|4||0887758651209|0906498|HP|E5E78AA|1|19,99|0|19,99|16,39|VEN||0|11,89
06082021 00:00|09052021|10|4|3|||SM9|SUPERMEDIA|02147260174|||||||||DET|177,92|145,85|177,92|0|0|0|0|0|0|0|0|5||0887758651209|0906498|HP|E5E78AA|1|19,99|0|19,99|16,39|VEN||0|11,89
06082021 00:00|09052021|10|4|3|||SM9|SUPERMEDIA|02147260174|||||||||DET|177,92|145,85|177,92|0|0|0|0|0|0|0|0|6||8713439233278|0950821|TRUST|23327|1|24,99|0|24,99|20,48|VEN||0|16,04
06082021 00:00|09052021|10|4|3|||SM9|SUPERMEDIA|02147260174|||||||||DET|177,92|145,85|177,92|0|0|0|0|0|0|0|0|7||8713439233278|0950821|TRUST|23327|1|24,99|0|24,99|20,48|VEN||0|16,04
06082021 00:00|09052021|10|4|3|||SM9|SUPERMEDIA|02147260174|||||||||DET|177,92|145,85|177,92|0|0|0|0|0|0|0|0|8||0192018878983|0990547|HP|3ML04AA|1|39,99|0|39,99|32,78|VEN||0|22,95
06082021 00:00|09052021|10|5|4|||SM9|SUPERMEDIA|02147260174|||||||||DET|27,98|22,94|27,98|0|0|0|0|0|0|0|0|1||8012199808611|0243105|BTICINO|2528N|1|11,99|0|11,99|9,83|VEN||0|6,38
06082021 00:00|09052021|10|5|4|||SM9|SUPERMEDIA|02147260174|||||||||DET|27,98|22,94|27,98|0|0|0|0|0|0|0|0|2||8005543404140|0243132|BTICINO|3635DB|1|15,99|0|15,99|13,11|VEN||0|8,80
06082021 00:00|09052021|10|6|5|||SM9|SUPERMEDIA|02147260174|||||||||DET|35,90|29,43|35,90|0|0|0|0|0|0|0|0|1||8716184071485|1049110|ONE FOR ALL|SKY715NEW|1|35,90|0|35,90|29,43|VEN||0|17,80
06082021 00:00|09052021|10|7|6|||SM9|SUPERMEDIA|02147260174|||||||||DET|19,99|16,39|19,99|0|0|0|0|0|0|0|0|1||8018080355660|0952160|CELLULAR LINE|ACHKIT10WTYCK|1|19,99|0|19,99|16,39|VEN||0|10,10
06082021 00:00|09052021|15|10|7|||SM9|SUPERMEDIA|02147260174|||||||||DET|20,48|16,79|20,48|0|0|0|0|0|0|0|0|1||7638900295641|0453262|ENERGIZER|639336|1|3,49|0|3,49|2,86|VEN||0|0,83
06082021 00:00|09052021|15|10|7|||SM9|SUPERMEDIA|02147260174|||||||||DET|20,48|16,79|20,48|0|0|0|0|0|0|0|0|2||8018080400469|1067180|CELLULAR LINE|TEMPGCABGALA52K|1|16,99|0|16,99|13,93|VEN||0|8,58
06082021 00:00|09052021|10|11|1|||SM9|SUPERMEDIA|02147260174|||||||||DET|-14,99|-12,29|-14,99|0|0|0|0|0|0|0|0|1||8004032111132|0745787|ARDES|1F18|-1|14,99|0|-14,99|-12,29|RES||0|7,36
06082021 00:00|09052021|10|12|2|||SM9|SUPERMEDIA|02147260174|||||||||DET|19,99|16,39|19,99|0|0|0|0|0|0|0|0|1||8004032111149|0745778|ARDES|1F19|1|19,99|0|19,99|16,39|VEN||0|12,36
06082021 00:00|09052021|15|14|8|||SM9|SUPERMEDIA|02147260174|||||||||DET|56,89|46,63|56,89|0|0|0|0|0|0|0|0|1||8018080255458|0573622|CELLULAR LINE|ACHUSBMOBILE2AK|1|16,99|0|16,99|13,93|VEN||0|8,62
06082021 00:00|09052021|15|14|8|||SM9|SUPERMEDIA|02147260174|||||||||DET|56,89|46,63|56,89|0|0|0|0|0|0|0|0|2||8002829811487|0988765|MAJESTIC|RT194DAB|1|39,90|0|39,90|32,70|VEN||0|26,25
06082021 00:00|09052021|15|15|9|||SM9|SUPERMEDIA|02147260174|||||||||DET|18,99|15,57|18,99|0|0|0|0|0|0|0|0|1||4006387074708|0634718|BRITA|MAXTRAPLUS3|1|18,99|0|18,99|15,57|VEN||0|10,55
06082021 00:00|09052021|15|16|10|||SM9|SUPERMEDIA|02147260174|||||||||DET|12,99|10,65|12,99|0|0|0|0|0|0|0|0|1||8713439238822|1052891|TRUST|23882|1|12,99|0|12,99|10,65|VEN||0|8,23
06082021 00:00|09052021|15|17|11|||SM9|SUPERMEDIA|02147260174|||||||||DET|39,99|32,78|39,99|0|0|0|0|0|0|0|0|1||6971408152254|1033403|XIAOMI|MI TV STICK|1|39,99|0|39,99|32,78|VEN||0|26,55
06082021 00:00|09052021|16|18|12|||SM9|SUPERMEDIA|02147260174||0431058032468|||||||DET|79,90|65,49|79,90|0|0|0|0|0|0|0|0|1||8051122173877|0968493|NILOX|4K HOLIDAY|1|79,90|0|79,90|65,49|VEN||0|61,56
06082021 00:00|09052021|16|20|13|||SM9|SUPERMEDIA|02147260174|||||||||DET|5,99|4,91|5,99|0|0|0|0|0|0|0|0|1||5000394105713|0978357|DURACELL|DU1500N|1|5,99|0|5,99|4,91|VEN||0|3,37
06082021 00:00|09052021|16|21|14|||SM9|SUPERMEDIA|02147260174||0431019087094|||||||DET|379,00|310,66|379,00|0|0|0|0|0|0|0|0|1||5025155051634|1020747|DYSON|V8ABSPLUS|1|379,00|0|379,00|310,66|VEN||0|321,58
06082021 00:00|09052021|16|24|15|||SM9|SUPERMEDIA|02147260174|||||||||DET|24,98|20,48|24,98|0|0|0|0|0|0|0|0|1||6925281918926|0619389|JBL|JBLT110BLK NERA|1|9,99|0|9,99|8,19|VEN||0|6,21
06082021 00:00|09052021|16|24|15|||SM9|SUPERMEDIA|02147260174|||||||||DET|24,98|20,48|24,98|0|0|0|0|0|0|0|0|2||3536403355548|0828803|HP|HPFD765W32-BX|1|14,99|0|14,99|12,29|VEN||0|6,44
06082021 00:00|09052021|16|25|16|||SM9|SUPERMEDIA|02147260174|||||||||DET|94,98|77,86|94,98|0|0|0|0|0|0|0|0|1||8018417217326|0592772|EKON|ECVHDMI30MMK|1|19,99|0|19,99|16,39|VEN||0|8,52
06082021 00:00|09052021|16|25|16|||SM9|SUPERMEDIA|02147260174|||||||||DET|94,98|77,86|94,98|0|0|0|0|0|0|0|0|2||6971408152254|1033403|XIAOMI|MI TV STICK|1|39,99|0|39,99|32,78|VEN||0|26,55
06082021 00:00|09052021|16|25|16|||SM9|SUPERMEDIA|02147260174|||||||||DET|94,98|77,86|94,98|0|0|0|0|0|0|0|0|3||8032622982947|1070425|DIGIQUEST|G9 EASY|1|35,00|0|35,00|28,69|VEN||0|24,05
06082021 00:00|09052021|16|26|17|||SM9|SUPERMEDIA|02147260174|||||||||DET|199,00|163,11|199,00|0|0|0|0|0|0|0|0|1||8806090821998|1039728|SAMSUNG|GALAXY A21S 128 BLACK|1|199,00|0|199,00|163,11|VEN||0|169,20
06082021 00:00|09052021|17|28|0|||SM9|SUPERMEDIA|02147260174|||||||||DET|0,03|0,02|0,03|0|0|0|0|0|0|0|0|1||2999999999999|0858691|TRONY||3|0,01|0|0,03|0,02|VEN||0|0,06
06082021 00:00|09052021|17|29|18|||SM9|SUPERMEDIA|02147260174|||||||||DET|139,00|113,93|139,00|0|0|0|0|0|0|0|0|1||0190199098534|0907549|APPLE|MV7N2TY/A|1|139,00|0|139,00|113,93|VEN||0|113,00
06082021 00:00|09052021|18|30|19|||SM9|SUPERMEDIA|02147260174|||||||||DET|299,00|245,08|299,00|0|0|0|0|0|0|0|0|1||6944284667365|1038195|OPPO|RENO4Z BLACK|1|299,00|0|299,00|245,08|VEN||0|304,65
06082021 00:00|09052021|18|32|20|||SM9|SUPERMEDIA|02147260174|||||||||DET|299,00|245,08|299,00|0|0|0|0|0|0|0|0|1||6944284667365|1038195|OPPO|RENO4Z BLACK|1|299,00|0|299,00|245,08|VEN||0|304,65
06082021 00:00|09052021|18|33|21|||SM9|SUPERMEDIA|02147260174|||||||||DET|4,99|4,09|4,99|0|0|0|0|0|0|0|0|1||7638900410679|0465650|ENERGIZER|E300127900|1|4,99|0|4,99|4,09|VEN||0|2,17
06082021 00:00|09052021|18|34|22|||SM9|SUPERMEDIA|02147260174||0431059560533|||||||DET|179,90|147,46|179,90|0|0|0|0|0|0|0|0|1||5025232891948|0944170|PANASONIC|MJ-L501WXE|1|179,90|0|179,90|147,46|VEN||0|131,85
06082021 00:00|09052021|09|1|1|||SM15|SUPERMEDIA|02147260174|||||||||DET|99,89|81,88|99,89|0|0|0|0|0|0|0|0|1||6901443394531|1004266|HUAWEI|Y5P BLUE|1|89,90|0|89,90|73,69|VEN||0|83,95
06082021 00:00|09052021|09|1|1|||SM15|SUPERMEDIA|02147260174|||||||||DET|99,89|81,88|99,89|0|0|0|0|0|0|0|0|2||8018080386268|1013522|CELLULAR LINE|SOFTY5P20T|1|9,99|0|9,99|8,19|VEN||0|5,42
06082021 00:00|09052021|10|2|1|||SM15|SUPERMEDIA|02147260174|||||||||DET|39,99|32,78|39,99|0|0|0|0|0|0|0|0|1||3499550360837|0858174|GAMETEKK|BIG BEN|1|39,99|0|39,99|32,78|VEN||0|28,84
06082021 00:00|09052021|10|4|2|||SM15|SUPERMEDIA|02147260174|||||||||DET|39,99|32,78|39,99|0|0|0|0|0|0|0|0|1||0888182461952|0481678|HP|C2P05AE|1|39,99|0|39,99|32,78|VEN||0|28,87
06082021 00:00|09052021|11|5|2|||SM15|SUPERMEDIA|02147260174|||||||||DET|149,00|122,13|149,00|0|0|0|0|0|0|0|0|1||4251755608690|0992983|MICROSOFT|79G-05304|1|149,00|0|149,00|122,13|VEN||0|108,00
06082021 00:00|09052021|10|7|3|||SM15|SUPERMEDIA|02147260174|||||||||DET|84,99|69,66|84,99|0|0|0|0|0|0|0|0|1||8718692619463|0695698|SODASTREAM|SPIRITBK|1|84,99|0|84,99|69,66|VEN||0|61,31
06082021 00:00|09052021|11|8|4|||SM15|SUPERMEDIA|02147260174|||||||||DET|29,99|24,58|29,99|0|0|0|0|0|0|0|0|1||6934177720482|1072655|XIAOMI|EARBUDS BASIC2|1|29,99|0|29,99|24,58|VEN||0|19,00
06082021 00:00|09052021|11|10|5|||SM15|SUPERMEDIA|02147260174||0431035179902|||||||DET|1070,97|877,86|1070,97|0|0|0|0|0|0|0|0|1||8053470330193|0995640|ESTENDO|GRELH12+1APL1000N|1|139,99|0|139,99|114,75|VEN||0|78,46
06082021 00:00|09052021|11|10|5|||SM15|SUPERMEDIA|02147260174||0431035179902|||||||DET|1070,97|877,86|1070,97|0|0|0|0|0|0|0|0|2||8018080388484|1017430|CELLULAR LINE|CLEARDUOIPH12MAXT|1|14,99|0|14,99|12,29|VEN||0|8,14
06082021 00:00|09052021|11|10|5|||SM15|SUPERMEDIA|02147260174||0431035179902|||||||DET|1070,97|877,86|1070,97|0|0|0|0|0|0|0|0|3||8018080388781|1017993|CELLULAR LINE|TEMPGLASSIPH12MAX|1|16,99|0|16,99|13,93|VEN||0|8,58
06082021 00:00|09052021|11|10|5|||SM15|SUPERMEDIA|02147260174||0431035179902|||||||DET|1070,97|877,86|1070,97|0|0|0|0|0|0|0|0|4||0194252031216|1044687|APPLE|MGJA3QL/A|1|899,00|0|899,00|736,89|VEN||0|786,79
06082021 00:00|09052021|11|12|3|||SM15|SUPERMEDIA|02147260174|||||||||DET|1576,99|1292,62|1576,99|0|0|0|0|0|0|0|0|1||8032779837855|0563580|ESTENDO|GRELC+2INF600|1|79,99|0|79,99|65,57|VEN||0|45,11
06082021 00:00|09052021|11|12|3|||SM15|SUPERMEDIA|02147260174|||||||||DET|1576,99|1292,62|1576,99|0|0|0|0|0|0|0|0|2||8806090487453|1006246|SAMSUNG|QE32LS03TB|1|499,00|0|499,00|409,02|VEN||0|351,30
06082021 00:00|09052021|11|12|3|||SM15|SUPERMEDIA|02147260174|||||||||DET|1576,99|1292,62|1576,99|0|0|0|0|0|0|0|0|3||8806091022448|1052409|LG|F4J3TN3WE|1|449,00|0|449,00|368,03|VEN||0|283,86
06082021 00:00|09052021|11|12|3|||SM15|SUPERMEDIA|02147260174|||||||||DET|1576,99|1292,62|1576,99|0|0|0|0|0|0|0|0|4||4718017594981|1078132|ASUS|X509JA-EJ026T|1|549,00|0|549,00|450,00|VEN||0|435,75
06082021 00:00|09052021|11|13|4|||SM15|SUPERMEDIA|02147260174|||||||||DET|151,99|124,58|151,99|0|0|0|0|0|0|0|0|1||8018080402432|1062577|CELLULAR LINE|TEMPGCABGALA02SK|1|12,99|0|12,99|10,65|VEN||0|8,59
06082021 00:00|09052021|11|13|4|||SM15|SUPERMEDIA|02147260174|||||||||DET|151,99|124,58|151,99|0|0|0|0|0|0|0|0|2||8806090873287|1063433|SAMSUNG|GALAXY A02 WHITE|1|139,00|0|139,00|113,93|VEN||0|124,58
06082021 00:00|09052021|11|15|5|||SM15|SUPERMEDIA|02147260174|||||||||DET|139,80|114,59|139,80|0|0|0|0|0|0|0|0|1||8018417217241|0586921|EKON|ECVXHDMI15MMK|1|9,90|0|9,90|8,11|VEN||0|4,25
06082021 00:00|09052021|11|15|5|||SM15|SUPERMEDIA|02147260174|||||||||DET|139,80|114,59|139,80|0|0|0|0|0|0|0|0|2||8809095669893|1073636|HUMAX|HD-3600S2|1|129,90|0|129,90|106,48|VEN||0|88,50
06082021 00:00|09052021|11|16|6|||SM15|SUPERMEDIA|02147260174|||||||||DET|161,98|132,77|161,98|0|0|0|0|0|0|0|0|1||8018080404412|1062363|CELLULAR LINE|SOFTGALA02ST|1|9,99|0|9,99|8,19|VEN||0|5,42
06082021 00:00|09052021|11|16|6|||SM15|SUPERMEDIA|02147260174|||||||||DET|161,98|132,77|161,98|0|0|0|0|0|0|0|0|2||8018080402432|1062577|CELLULAR LINE|TEMPGCABGALA02SK|1|12,99|0|12,99|10,65|VEN||0|8,59
06082021 00:00|09052021|11|16|6|||SM15|SUPERMEDIA|02147260174|||||||||DET|161,98|132,77|161,98|0|0|0|0|0|0|0|0|3||8806090873287|1063433|SAMSUNG|GALAXY A02 WHITE|1|139,00|0|139,00|113,93|VEN||0|124,58
06082021 00:00|09052021|15|19|7|||SM15|SUPERMEDIA|02147260174|||||||||DET|9,90|8,11|9,90|0|0|0|0|0|0|0|0|1||8018417217241|0586921|EKON|ECVXHDMI15MMK|1|9,90|0|9,90|8,11|VEN||0|4,25
06082021 00:00|09052021|15|20|6|||SM15|SUPERMEDIA|02147260174|||||||||DET|26,99|22,12|26,99|0|0|0|0|0|0|0|0|1||8020252078659|0664034|TUCANO|TAB-FAP10-Z|1|26,99|0|26,99|22,12|VEN||0|12,72
06082021 00:00|09052021|15|21|7|||SM15|SUPERMEDIA|02147260174|||||||||DET|89,90|73,69|89,90|0|0|0|0|0|0|0|0|1||8435484015561|1078007|CECOTEC|01556|1|89,90|0|89,90|73,69|VEN||0|56,85
06082021 00:00|09052021|15|22|8|||SM15|SUPERMEDIA|02147260174|||||||||DET|14,99|12,29|14,99|0|0|0|0|0|0|0|0|1||0190198496263|0955121|APPLE|MQGJ2ZM/A|1|14,99|0|14,99|12,29|VEN||0|8,12
06082021 00:00|09052021|15|23|8|||SM15|SUPERMEDIA|02147260174|||||||||DET|29,99|24,58|29,99|0|0|0|0|0|0|0|0|1||3391892011722|1014460|GAMETEKK|BANDAI NAMCO|1|29,99|0|29,99|24,58|VEN||0|21,65
06082021 00:00|09052021|16|24|9|||SM15|SUPERMEDIA|02147260174|||||||||DET|20,00|20,00|20,00|0|0|0|0|0|0|0|0|1||4251404530358|0993321|EURONET|20 EURO|1|20,00|0|20,00|20,00|VEN||0|18,80
06082021 00:00|09052021|16|25|9|||SM15|SUPERMEDIA|02147260174|||||||||DET|14,95|12,25|14,95|0|0|0|0|0|0|0|0|1||8018080371554|1040002|AQL|HEADBREVOLVERK|1|14,95|0|14,95|12,25|VEN||0|8,35
06082021 00:00|09052021|16|28|11|||SM15|SUPERMEDIA|02147260174|||||||||DET|109,90|90,08|109,90|0|0|0|0|0|0|0|0|1||5025232874989|0774166|PANASONIC|SCHTB200EG|1|109,90|0|109,90|90,08|VEN||0|69,70
06082021 00:00|09052021|17|29|11|||SM15|SUPERMEDIA|02147260174|||||||||DET|43,98|36,05|43,98|0|0|0|0|0|0|0|0|1||4210201656067|0176981|BRAUN|SE1370|1|29,99|0|29,99|24,58|VEN||0|22,07
06082021 00:00|09052021|17|29|11|||SM15|SUPERMEDIA|02147260174|||||||||DET|43,98|36,05|43,98|0|0|0|0|0|0|0|0|2||8595028432060|0923200|TESCOMA|647003|1|13,99|0|13,99|11,47|VEN||0|7,30
06082021 00:00|09052021|16|30|12|||SM15|SUPERMEDIA|02147260174|||||||||DET|199,00|163,11|199,00|0|0|0|0|0|0|0|0|1||8004399332447|0723710|DE LONGHI|EN500.W|1|199,00|0|199,00|163,11|VEN||0|146,75
06082021 00:00|09052021|16|31|13|||SM15|SUPERMEDIA|02147260174|||||||||DET|59,99|49,17|59,99|0|0|0|0|0|0|0|0|1||8000070012721|0759101|LAVAZZA|TINYROSSA|1|59,99|0|59,99|49,17|VEN||0|46,25
06082021 00:00|09052021|16|32|14|||SM15|SUPERMEDIA|02147260174|||||||||DET|193,99|159,01|193,99|0|0|0|0|0|0|0|0|1||8032779838067|0563713|ESTENDO|GRELH10TEL200|1|34,99|0|34,99|28,68|VEN||0|22,32
06082021 00:00|09052021|16|32|14|||SM15|SUPERMEDIA|02147260174|||||||||DET|193,99|159,01|193,99|0|0|0|0|0|0|0|0|2||8806092077836|1063424|SAMSUNG|GALAXY A12 BLUE 64GB|1|159,00|0|159,00|130,33|VEN||0|134,57
06082021 00:00|09052021|17|33|15|||SM15|SUPERMEDIA|02147260174|||||||||DET|9,98|8,18|9,98|0|0|0|0|0|0|0|0|1||5000394017641|3260381|DURACELL|MN 1500|1|4,99|0|4,99|4,09|VEN||0|2,29
06082021 00:00|09052021|17|33|15|||SM15|SUPERMEDIA|02147260174|||||||||DET|9,98|8,18|9,98|0|0|0|0|0|0|0|0|2||5000394018457|3260407|DURACELL|MN 2400|1|4,99|0|4,99|4,09|VEN||0|2,29
06082021 00:00|09052021|17|35|12|||SM15|SUPERMEDIA|02147260174|||||||||DET|18,99|15,57|18,99|0|0|0|0|0|0|0|0|1||4211125756345|0784093|BEURER|SR-GS1|1|18,99|0|18,99|15,57|VEN||0|11,51
06082021 00:00|09052021|18|36|13|||SM15|SUPERMEDIA|02147260174|||||||||DET|34,99|28,68|34,99|0|0|0|0|0|0|0|0|1||5025232896417|0973058|PANASONIC|ER-GC53-K503|1|34,99|0|34,99|28,68|VEN||0|25,00
06082021 00:00|09052021|10|2|1|||SM19|SUPERMEDIA|02147260174||0431059608600|||||||DET|214,89|176,14|214,89|0|0|0|0|0|0|0|0|1||8056098129149|0996685|ESTENDO|GRELC+1FCA200EL|1|24,99|0|24,99|20,48|VEN||0|17,96
06082021 00:00|09052021|10|2|1|||SM19|SUPERMEDIA|02147260174||0431059608600|||||||DET|214,89|176,14|214,89|0|0|0|0|0|0|0|0|2||8016361905030|1047666|CANDY|FCS100N|1|189,90|0|189,90|155,66|VEN||0|118,68
06082021 00:00|09052021|10|4|2|||SM19|SUPERMEDIA|02147260174|||||||||DET|-1038,99|-851,64|-1038,99|0|0|0|0|0|0|0|0|1||8053470330193|0995640|ESTENDO|GRELH12+1APL1000N|-1|139,99|0|-139,99|-114,75|RES||0|78,46
06082021 00:00|09052021|10|4|2|||SM19|SUPERMEDIA|02147260174|||||||||DET|-1038,99|-851,64|-1038,99|0|0|0|0|0|0|0|0|2||0194252031216|1044687|APPLE|MGJA3QL/A|-1|899,00|0|-899,00|-736,89|RES||0|786,79
06082021 00:00|09052021|10|5|3|||SM19|SUPERMEDIA|02147260174||0431069085958|||||||DET|1038,99|851,64|1038,99|0|0|0|0|0|0|0|0|1||8053470330193|0995640|ESTENDO|GRELH12+1APL1000N|1|139,99|0|139,99|114,75|VEN||0|78,46
06082021 00:00|09052021|10|5|3|||SM19|SUPERMEDIA|02147260174||0431069085958|||||||DET|1038,99|851,64|1038,99|0|0|0|0|0|0|0|0|2||0194252031216|1044687|APPLE|MGJA3QL/A|1|899,00|0|899,00|736,89|VEN||0|786,79
06082021 00:00|09052021|10|6|4|||SM19|SUPERMEDIA|02147260174|||||||||DET|11,99|9,83|11,99|0|0|0|0|0|0|0|0|1||0193905429233|1031842|HP|305BK|1|11,99|0|11,99|9,83|VEN||0|8,00
06082021 00:00|09052021|10|8|5|||SM19|SUPERMEDIA|02147260174||0431059608617|||||||DET|127,97|104,89|127,97|0|0|0|0|0|0|0|0|1||8032779837664|0563214|ESTENDO|GRELC+1MIC500|1|24,99|0|24,99|20,48|VEN||0|14,06
06082021 00:00|09052021|10|8|5|||SM19|SUPERMEDIA|02147260174||0431059608617|||||||DET|127,97|104,89|127,97|0|0|0|0|0|0|0|0|2||8018417217319|0592763|EKON|ECVHDMI18MMK|1|12,99|0|12,99|10,65|VEN||0|5,54
06082021 00:00|09052021|10|8|5|||SM19|SUPERMEDIA|02147260174||0431059608617|||||||DET|127,97|104,89|127,97|0|0|0|0|0|0|0|0|3||5025232881178|0799381|PANASONIC|NN-K10JWM|1|89,99|0|89,99|73,76|VEN||0|62,00
06082021 00:00|09052021|11|9|6|||SM19|SUPERMEDIA|02147260174||0431072112078|||||||DET|8,99|7,37|8,99|0|0|0|0|0|0|0|0|1||8018080325755|0820062|CELLULAR LINE|USBDATATYCSMARTG|1|8,99|0|8,99|7,37|VEN||0|4,79
06082021 00:00|09052021|11|14|1|||SM19|SUPERMEDIA|02147260174|||||||||DET|7,98|6,54|7,98|0|0|0|0|0|0|0|0|1||5602024083271|0054684|A-PAPER|3997|1|3,99|0|3,99|3,27|VEN||0|2,40
06082021 00:00|09052021|11|14|1|||SM19|SUPERMEDIA|02147260174|||||||||DET|7,98|6,54|7,98|0|0|0|0|0|0|0|0|2||5602024083271|0054684|A-PAPER|3997|1|3,99|0|3,99|3,27|VEN||0|2,40
06082021 00:00|09052021|11|15|7|||SM19|SUPERMEDIA|02147260174||0431005629666|||||||DET|104,89|85,97|104,89|0|0|0|0|0|0|0|0|1||8032779837275|0563385|ESTENDO|GRELC+3AUD250|1|24,99|0|24,99|20,48|VEN||0|14,06
06082021 00:00|09052021|11|15|7|||SM19|SUPERMEDIA|02147260174||0431005629666|||||||DET|104,89|85,97|104,89|0|0|0|0|0|0|0|0|2||6925281954580|0957030|JBL|FLIP5RED|1|79,90|0|79,90|65,49|VEN||0|83,75
06082021 00:00|09052021|11|18|8|||SM19|SUPERMEDIA|02147260174||0431036476789|||||||DET|19,99|16,39|19,99|0|0|0|0|0|0|0|0|1||8018080303890|0705151|CELLULAR LINE|ACHSMKIT15WMUSBW|1|19,99|0|19,99|16,39|VEN||0|10,86
06082021 00:00|09052021|11|19|9|||SM19|SUPERMEDIA|02147260174||0431059608624|||||||DET|1463,97|1199,98|1463,97|0|0|0|0|0|0|0|0|1||8018080388538|1017341|CELLULAR LINE|FINECIPH12PRMT|1|12,99|0|12,99|10,65|VEN||0|7,06
06082021 00:00|09052021|11|19|9|||SM19|SUPERMEDIA|02147260174||0431059608624|||||||DET|1463,97|1199,98|1463,97|0|0|0|0|0|0|0|0|2||8018080388798|1017975|CELLULAR LINE|TEMPGLASSIPH12PRM|1|16,99|0|16,99|13,93|VEN||0|8,58
06082021 00:00|09052021|11|19|9|||SM19|SUPERMEDIA|02147260174||0431059608624|||||||DET|1463,97|1199,98|1463,97|0|0|0|0|0|0|0|0|3||0194252022467|1044437|APPLE|MGDC3QL/A|1|1409,00|0|1409,00|1154,92|VEN||0|1108,13
06082021 00:00|09052021|11|19|9|||SM19|SUPERMEDIA|02147260174||0431059608624|||||||DET|1463,97|1199,98|1463,97|0|0|0|0|0|0|0|0|4||0194252157022|1046845|APPLE|MHJE3ZM/A|1|24,99|0|24,99|20,48|VEN||0|15,16
06082021 00:00|09052021|12|20|2|||SM19|SUPERMEDIA|02147260174||0431059608655|||||||DET|31,99|26,22|31,99|0|0|0|0|0|0|0|0|1||2999999999999|0661796|GAMETEKK||1|1,00|0|1,00|0,82|VEN||0|0,01
06082021 00:00|09052021|12|20|2|||SM19|SUPERMEDIA|02147260174||0431059608655|||||||DET|31,99|26,22|31,99|0|0|0|0|0|0|0|0|2||5026555424288|0783780|GAMETEKK|CIDIVERTE|1|30,99|0|30,99|25,40|VEN||0|22,35
06082021 00:00|09052021|11|24|12|||SM19|SUPERMEDIA|02147260174||0431059608648|||||||DET|59,98|49,17|59,98|0|0|0|0|0|0|0|0|1||8018080347832|0857861|CELLULAR LINE|USBDATAC2LMFI60CMW|1|19,99|0|19,99|16,39|VEN||0|11,77
06082021 00:00|09052021|11|24|12|||SM19|SUPERMEDIA|02147260174||0431059608648|||||||DET|59,98|49,17|59,98|0|0|0|0|0|0|0|0|2||8018080386718|1017083|CELLULAR LINE|BTHARKTWSB|1|39,99|0|39,99|32,78|VEN||0|25,93
06082021 00:00|09052021|14|25|13|||SM19|SUPERMEDIA|02147260174|||||||||DET|19,99|16,39|19,99|0|0|0|0|0|0|0|0|1||8801643498597|1007897|SAMSUNG|EP-P1100BBEGWW|1|19,99|0|19,99|16,39|VEN||0|12,66
06082021 00:00|09052021|14|27|14|||SM19|SUPERMEDIA|02147260174|||||||||DET|139,00|113,93|139,00|0|0|0|0|0|0|0|0|1||0190199098534|0907549|APPLE|MV7N2TY/A|1|139,00|0|139,00|113,93|VEN||0|113,00
06082021 00:00|09052021|15|29|15|||SM19|SUPERMEDIA|02147260174||0431059608662|||||||DET|16,58|13,59|16,58|0|0|0|0|0|0|0|0|1||4712556002037|0438976|SINGER|BSM203|1|12,99|0|12,99|10,65|VEN||0|6,25
06082021 00:00|09052021|15|29|15|||SM19|SUPERMEDIA|02147260174||0431059608662|||||||DET|16,58|13,59|16,58|0|0|0|0|0|0|0|0|2||7638900297324|0516114|ENERGIZER|E300152100|1|3,59|0|3,59|2,94|VEN||0|1,70
06082021 00:00|09052021|15|31|16|||SM19|SUPERMEDIA|02147260174|||||||||DET|3,59|2,94|3,59|0|0|0|0|0|0|0|0|1||7638900297409|0516123|ENERGIZER|E300127700|1|3,59|0|3,59|2,94|VEN||0|1,39
06082021 00:00|09052021|15|32|17|||SM19|SUPERMEDIA|02147260174||0431002093255|||||||DET|9,99|8,19|9,99|0|0|0|0|0|0|0|0|1||5051891161252|0814783|MT|WARNER BROS INTERACTIVE|1|9,99|0|9,99|8,19|VEN||0|6,80
06082021 00:00|09052021|15|33|18|||SM19|SUPERMEDIA|02147260174|||||||||DET|20,00|20,00|20,00|0|0|0|0|0|0|0|0|1||4251404530358|0993321|EURONET|20 EURO|1|20,00|0|20,00|20,00|VEN||0|18,80
06082021 00:00|09052021|15|34|19|||SM19|SUPERMEDIA|02147260174|||||||||DET|10,00|10,00|10,00|0|0|0|0|0|0|0|0|1||4260414678943|1010375|EURONET|10 EURO|1|10,00|0|10,00|10,00|VEN||0|9,40
06082021 00:00|09052021|15|36|20|||SM19|SUPERMEDIA|02147260174||0431059607849|||||||DET|1587,98|1301,63|1587,98|0|0|0|0|0|0|0|0|1||8032779837534|0563054|ESTENDO|GRELC+3COT1000|1|59,99|0|59,99|49,17|VEN||0|33,81
06082021 00:00|09052021|15|36|20|||SM19|SUPERMEDIA|02147260174||0431059607849|||||||DET|1587,98|1301,63|1587,98|0|0|0|0|0|0|0|0|2||8032779837336|0563410|ESTENDO|GRELC+3TV1000|1|79,99|0|79,99|65,57|VEN||0|45,11
06082021 00:00|09052021|15|36|20|||SM19|SUPERMEDIA|02147260174||0431059607849|||||||DET|1587,98|1301,63|1587,98|0|0|0|0|0|0|0|0|3||8806090282638|1005559|SAMSUNG|QE55Q60TAU|1|799,00|0|799,00|654,92|VEN||0|593,38
06082021 00:00|09052021|15|36|20|||SM19|SUPERMEDIA|02147260174||0431059607849|||||||DET|1587,98|1301,63|1587,98|0|0|0|0|0|0|0|0|4||7332543719358|1011105|ELECTROLUX|EOC3S40X|1|649,00|0|649,00|531,97|VEN||0|388,80
06082021 00:00|09052021|15|41|3|||SM19|SUPERMEDIA|02147260174||0431059607856|||||||DET|79,99|65,57|79,99|0|0|0|0|0|0|0|0|1||8710103812098|0712161|PHILIPS|GC3925/34|1|79,99|0|79,99|65,57|VEN||0|53,65
06082021 00:00|09052021|15|43|21|||SM19|SUPERMEDIA|02147260174||0431059607849|||||||DET|1497,98|1227,86|1497,98|0|0|0|0|0|0|0|0|1||8032779837411|0563072|ESTENDO|GRELC+3FRE1000|1|69,99|0|69,99|57,37|VEN||0|39,45
06082021 00:00|09052021|15|43|21|||SM19|SUPERMEDIA|02147260174||0431059607849|||||||DET|1497,98|1227,86|1497,98|0|0|0|0|0|0|0|0|2||8032779837466|0563090|ESTENDO|GRELC+3LAV1000|1|79,99|0|79,99|65,57|VEN||0|45,11
06082021 00:00|09052021|15|43|21|||SM19|SUPERMEDIA|02147260174||0431059607849|||||||DET|1497,98|1227,86|1497,98|0|0|0|0|0|0|0|0|3||8806088593111|0664677|SAMSUNG|BRB260030WW|1|699,00|0|699,00|572,95|VEN||0|477,60
06082021 00:00|09052021|15|43|21|||SM19|SUPERMEDIA|02147260174||0431059607849|||||||DET|1497,98|1227,86|1497,98|0|0|0|0|0|0|0|0|4||7332543749454|1011123|ELECTROLUX|EES47311L|1|649,00|0|649,00|531,97|VEN||0|353,30
06082021 00:00|09052021|15|44|22|||SM19|SUPERMEDIA|02147260174||0431059607863|||||||DET|329,00|269,67|329,00|0|0|0|0|0|0|0|0|1||6934177732874|1081725|XIAOMI|MI 11 LITE BLACK|1|329,00|0|329,00|269,67|VEN||0|269,87
06082021 00:00|09052021|16|46|23|||SM19|SUPERMEDIA|02147260174||0431059607870|||||||DET|184,98|151,62|184,98|0|0|0|0|0|0|0|0|1||8018417226069|0622366|SBS|TTHEADPHONEBTK|1|34,99|0|34,99|28,68|VEN||0|31,85
06082021 00:00|09052021|16|46|23|||SM19|SUPERMEDIA|02147260174||0431059607870|||||||DET|184,98|151,62|184,98|0|0|0|0|0|0|0|0|2||0840023214721|1074699|MOTOROLA|E7 POWER BLUE|1|149,99|0|149,99|122,94|VEN||0|114,15
06082021 00:00|09052021|16|49|24|||SM19|SUPERMEDIA|02147260174||0431059607887|||||||DET|99,90|81,89|99,90|0|0|0|0|0|0|0|0|1||8806088489247|0688802|SAMSUNG|GE73A|1|99,90|0|99,90|81,89|VEN||0|69,54
06082021 00:00|09052021|16|50|25|||SM19|SUPERMEDIA|02147260174||0431070421073|||||||DET|69,99|57,37|69,99|0|0|0|0|0|0|0|0|1||8004399020320|1039639|DE LONGHI|EDG155.BG+|1|69,99|0|69,99|57,37|VEN||0|44,65
06082021 00:00|09052021|16|51|26|||SM19|SUPERMEDIA|02147260174||0431070421073|||||||DET|9,98|8,18|9,98|0|0|0|0|0|0|0|0|1||7638900410679|0465650|ENERGIZER|E300127900|1|4,99|0|4,99|4,09|VEN||0|2,17
06082021 00:00|09052021|16|51|26|||SM19|SUPERMEDIA|02147260174||0431070421073|||||||DET|9,98|8,18|9,98|0|0|0|0|0|0|0|0|2||7638900298512|0465669|ENERGIZER|E300126300|1|4,99|0|4,99|4,09|VEN||0|2,15
06082021 00:00|09052021|16|52|27|||SM19|SUPERMEDIA|02147260174||0431030688843|||||||DET|41,00|41,00|41,00|0|0|0|0|0|0|0|0|1||2999999999999|0790068|TIM||1|5,00|0|5,00|5,00|VEN||0|3,03
06082021 00:00|09052021|16|52|27|||SM19|SUPERMEDIA|02147260174||0431030688843|||||||DET|41,00|41,00|41,00|0|0|0|0|0|0|0|0|2||2999999999999|9950110|TIM||36|1,00|0|36,00|36,00|VEN||0|1,00
06082021 00:00|09052021|16|53|4|||SM19|SUPERMEDIA|02147260174||0431002077620|||||||DET|1477,98|1211,47|1477,98|0|0|0|0|0|0|0|0|1||8032779837527|0563009|ESTENDO|GRELC+2COT1000|1|49,99|0|49,99|40,98|VEN||0|28,17
06082021 00:00|09052021|16|53|4|||SM19|SUPERMEDIA|02147260174||0431002077620|||||||DET|1477,98|1211,47|1477,98|0|0|0|0|0|0|0|0|2||8032779837336|0563410|ESTENDO|GRELC+3TV1000|1|79,99|0|79,99|65,57|VEN||0|45,11
06082021 00:00|09052021|16|53|4|||SM19|SUPERMEDIA|02147260174||0431002077620|||||||DET|1477,98|1211,47|1477,98|0|0|0|0|0|0|0|0|3||4242005033522|1001704|BOSCH|HBA314BR0J|1|449,00|0|449,00|368,03|VEN||0|268,61
06082021 00:00|09052021|16|53|4|||SM19|SUPERMEDIA|02147260174||0431002077620|||||||DET|1477,98|1211,47|1477,98|0|0|0|0|0|0|0|0|4||8806091046796|1047354|LG|65NANO796N|1|899,00|0|899,00|736,89|VEN||0|627,00
06082021 00:00|09052021|16|54|5|||SM19|SUPERMEDIA|02147260174||0431002077620|||||||DET|4,99|4,09|4,99|0|0|0|0|0|0|0|0|1||8018080323300|0792486|CELLULAR LINE|TRAVELSTAND|1|4,99|0|4,99|4,09|VEN||0|2,72
06082021 00:00|09052021|18|55|6|||SM19|SUPERMEDIA|02147260174||0431059607917|||||||DET|4,99|4,09|4,99|0|0|0|0|0|0|0|0|1||5000394018457|3260407|DURACELL|MN 2400|1|4,99|0|4,99|4,09|VEN||0|2,29
06082021 00:00|09052021|17|56|28|||SM19|SUPERMEDIA|02147260174||0431059607894|||||||DET|9,99|8,19|9,99|0|0|0|0|0|0|0|0|1||8713439196634|0427924|TRUST|19663|1|9,99|0|9,99|8,19|VEN||0|6,41
06082021 00:00|09052021|17|57|29|||SM19|SUPERMEDIA|02147260174||0431002093255|||||||DET|37,99|31,14|37,99|0|0|0|0|0|0|0|0|1||2999999999999|0661796|GAMETEKK||1|1,00|0|1,00|0,82|VEN||0|0,01
06082021 00:00|09052021|17|57|29|||SM19|SUPERMEDIA|02147260174||0431002093255|||||||DET|37,99|31,14|37,99|0|0|0|0|0|0|0|0|2||2999999999999|0661796|GAMETEKK||1|1,00|0|1,00|0,82|VEN||0|0,01
06082021 00:00|09052021|17|57|29|||SM19|SUPERMEDIA|02147260174||0431002093255|||||||DET|37,99|31,14|37,99|0|0|0|0|0|0|0|0|3||2999999999999|0661796|GAMETEKK||1|1,00|0|1,00|0,82|VEN||0|0,01
06082021 00:00|09052021|17|57|29|||SM19|SUPERMEDIA|02147260174||0431002093255|||||||DET|37,99|31,14|37,99|0|0|0|0|0|0|0|0|4||8002829808517|0755622|MAJESTIC|HDMI-579US|1|34,99|0|34,99|28,68|VEN||0|23,25
06082021 00:00|09052021|17|58|30|||SM19|SUPERMEDIA|02147260174||0431059607900|||||||DET|19,99|16,39|19,99|0|0|0|0|0|0|0|0|1||8004032111149|0745778|ARDES|1F19|1|19,99|0|19,99|16,39|VEN||0|12,36
06082021 00:00|09052021|17|59|31|||SM19|SUPERMEDIA|02147260174||0431012438251|||||||DET|47,99|39,34|47,99|0|0|0|0|0|0|0|0|1||8018417217319|0592763|EKON|ECVHDMI18MMK|1|12,99|0|12,99|10,65|VEN||0|5,54
06082021 00:00|09052021|17|59|31|||SM19|SUPERMEDIA|02147260174||0431012438251|||||||DET|47,99|39,34|47,99|0|0|0|0|0|0|0|0|2||8717185449624|1011819|STRONG|SRT8541FTA|1|35,00|0|35,00|28,69|VEN||0|20,60
06082021 00:00|09052021|17|60|32|||SM19|SUPERMEDIA|02147260174||0431059613017|||||||DET|1,00|0,82|1,00|0|0|0|0|0|0|0|0|1||2999999999999|0661796|GAMETEKK||1|1,00|0|1,00|0,82|VEN||0|0,01
06082021 00:00|09052021|17|61|33|||SM19|SUPERMEDIA|02147260174|||||||||DET|39,99|32,78|39,99|0|0|0|0|0|0|0|0|1||8059591658550|0810260|GAMETEKK||1|39,99|0|39,99|32,78|VEN||0|28,85
06082021 00:00|09052021|17|62|34|||SM19|SUPERMEDIA|02147260174|||||||||DET|158,99|130,32|158,99|0|0|0|0|0|0|0|0|1||0190199098534|0907549|APPLE|MV7N2TY/A|1|139,00|0|139,00|113,93|VEN||0|113,00
06082021 00:00|09052021|17|62|34|||SM19|SUPERMEDIA|02147260174|||||||||DET|158,99|130,32|158,99|0|0|0|0|0|0|0|0|2||8018080388460|1017467|CELLULAR LINE|TETRACIPH12T|1|19,99|0|19,99|16,39|VEN||0|10,86
06082021 00:00|09052021|18|63|35|||SM19|SUPERMEDIA|02147260174|||||||||DET|7,99|6,55|7,99|0|0|0|0|0|0|0|0|1||8018080173158|0329905|CELLULAR LINE||1|7,99|0|7,99|6,55|VEN||0|4,35
06082021 00:00|09052021|18|65|36|||SM19|SUPERMEDIA|02147260174||0431019049153|||||||DET|79,99|65,57|79,99|0|0|0|0|0|0|0|0|1||8715946632247|0668361|EPSON|T34 COL PALLINA GOLF|1|79,99|0|79,99|65,57|VEN||0|49,07
06082021 00:00|09052021|18|67|7|||SM19|SUPERMEDIA|02147260174||0431040865890|||||||DET|948,00|777,05|948,00|0|0|0|0|0|0|0|0|1||0194778007566|1055022|LENOVO|82C500G5IX|1|549,00|0|549,00|450,00|VEN||0|425,40
06082021 00:00|09052021|18|67|7|||SM19|SUPERMEDIA|02147260174||0431040865890|||||||DET|948,00|777,05|948,00|0|0|0|0|0|0|0|0|2||8052870486370|1071086|DUCATI|PRO1EVO|1|399,00|0|399,00|327,05|VEN||0|284,87
06082021 00:00|09052021|19|68|37|||SM19|SUPERMEDIA|02147260174|||||||||DET|91,98|75,40|91,98|0|0|0|0|0|0|0|0|1||0194721407580|1015423|HP|ENVY 6010|1|79,99|0|79,99|65,57|VEN||0|51,20
06082021 00:00|09052021|19|68|37|||SM19|SUPERMEDIA|02147260174|||||||||DET|91,98|75,40|91,98|0|0|0|0|0|0|0|0|2||0193905429233|1031842|HP|305BK|1|11,99|0|11,99|9,83|VEN||0|8,00
06082021 00:00|09052021|19|71|38|||SM19|SUPERMEDIA|02147260174|||||||||DET|35,98|29,50|35,98|0|0|0|0|0|0|0|0|1||8012199944487|0038293|BTICINO|3680GB|1|15,99|0|15,99|13,11|VEN||0|8,29
06082021 00:00|09052021|19|71|38|||SM19|SUPERMEDIA|02147260174|||||||||DET|35,98|29,50|35,98|0|0|0|0|0|0|0|0|2||8021183992922|1032039|SPLENDID|CALDOPOP VERDE|1|19,99|0|19,99|16,39|VEN||0|11,00
06082021 00:00|09052021|19|72|39|||SM19|SUPERMEDIA|02147260174|||||||||DET|14,99|12,29|14,99|0|0|0|0|0|0|0|0|1||8018417224324|0592273|EKON|ECAN100MFW|1|14,99|0|14,99|12,29|VEN||0|6,39
06082021 00:00|09052021|14|1|1|||SM26|SUPERMEDIA|02147260174||0431071873932|||||||DET|89,99|73,76|89,99|0|0|0|0|0|0|0|0|1||8008336475594|0815327|RGV|TURBO2000|1|89,99|0|89,99|73,76|VEN||0|60,35
06082021 00:00|09052021|14|3|2|||SM26|SUPERMEDIA|02147260174|||||||||DET|379,00|310,66|379,00|0|0|0|0|0|0|0|0|1||6942147458617|1063816|HISENSE|43A7320F|1|379,00|0|379,00|310,66|VEN||0|276,60
06082021 00:00|09052021|15|4|1|||SM26|SUPERMEDIA|02147260174|||||||||DET|49,99|40,98|49,99|0|0|0|0|0|0|0|0|1||8057168501049|1012195|GAMETEKK|CIDIVERTE|1|49,99|0|49,99|40,98|VEN||0|36,06
06082021 00:00|09052021|15|7|3|||SM26|SUPERMEDIA|02147260174||0431071873833|||||||DET|89,99|73,76|89,99|0|0|0|0|0|0|0|0|1||8003705114609|0692655|ARIETE|4146|1|89,99|0|89,99|73,76|VEN||0|63,00
06082021 00:00|09052021|15|12|4|||SM26|SUPERMEDIA|02147260174|||||||||DET|29,99|24,58|29,99|0|0|0|0|0|0|0|0|1||8018417289088|0994142|SBS|TATRISTANDIPAD19|1|29,99|0|29,99|24,58|VEN||0|14,22
06082021 00:00|09052021|15|13|5|||SM26|SUPERMEDIA|02147260174|||||||||DET|24,99|20,48|24,99|0|0|0|0|0|0|0|0|1||0190199534865|0988211|APPLE|MXLY2ZM/A|1|24,99|0|24,99|20,48|VEN||0|15,16
06082021 00:00|09052021|15|14|6|||SM26|SUPERMEDIA|02147260174|||||||||DET|59,99|49,17|59,99|0|0|0|0|0|0|0|0|1||5025232687978|0979267|PANASONIC|EW1211W845|1|59,99|0|59,99|49,17|VEN||0|41,90
06082021 00:00|09052021|15|16|7|||SM26|SUPERMEDIA|02147260174|||||||||DET|175,99|144,26|175,99|0|0|0|0|0|0|0|0|1||8018417214929|0597606|SBS|TABOOKEASYUN10K|1|16,99|0|16,99|13,93|VEN||0|7,22
06082021 00:00|09052021|15|16|7|||SM26|SUPERMEDIA|02147260174|||||||||DET|175,99|144,26|175,99|0|0|0|0|0|0|0|0|2||0195042521665|1048111|LENOVO|ZA6V0056SE|1|159,00|0|159,00|130,33|VEN||0|134,98
06082021 00:00|09052021|16|18|8|||SM26|SUPERMEDIA|02147260174|||||||||DET|826,99|677,86|826,99|0|0|0|0|0|0|0|0|1||8020252054721|0516739|TUCANO|BU-BIDEA-WM|1|27,99|0|27,99|22,94|VEN||0|13,90
06082021 00:00|09052021|16|18|8|||SM26|SUPERMEDIA|02147260174|||||||||DET|826,99|677,86|826,99|0|0|0|0|0|0|0|0|2||0195161090462|1036874|HP|15-EH0009NL|1|799,00|0|799,00|654,92|VEN||0|666,00
06082021 00:00|09052021|16|19|9|||SM26|SUPERMEDIA|02147260174|||||||||DET|19,99|16,39|19,99|0|0|0|0|0|0|0|0|1||5060486858354|0717718|KASPERSKY|KL1941TOAFS|1|19,99|0|19,99|16,39|VEN||0|21,20
06082021 00:00|09052021|16|20|10|||SM26|SUPERMEDIA|02147260174|||||||||DET|149,00|122,13|149,00|0|0|0|0|0|0|0|0|1||8806098599349|0988747|LG|CM2460DAB|1|149,00|0|149,00|122,13|VEN||0|107,65
06082021 00:00|09052021|16|21|11|||SM26|SUPERMEDIA|02147260174|||||||||DET|33,96|27,84|33,96|0|0|0|0|0|0|0|0|1||8713439158625|0340401|TRUST|15862|2|6,99|0|13,98|11,46|VEN||0|4,33
06082021 00:00|09052021|16|21|11|||SM26|SUPERMEDIA|02147260174|||||||||DET|33,96|27,84|33,96|0|0|0|0|0|0|0|0|2||6925281918926|0619389|JBL|JBLT110BLK NERA|1|9,99|0|9,99|8,19|VEN||0|6,21
06082021 00:00|09052021|16|21|11|||SM26|SUPERMEDIA|02147260174|||||||||DET|33,96|27,84|33,96|0|0|0|0|0|0|0|0|3||6925281918940|0619398|JBL|JBLT110BLU|1|9,99|0|9,99|8,19|VEN||0|6,15
06082021 00:00|09052021|16|22|12|||SM26|SUPERMEDIA|02147260174|||||||||DET|94,97|77,85|94,97|0|0|0|0|0|0|0|0|1||8018417180064|0424945|SBS|TECABLEUSBIP5|1|19,99|0|19,99|16,39|VEN||0|12,84
06082021 00:00|09052021|16|22|12|||SM26|SUPERMEDIA|02147260174|||||||||DET|94,97|77,85|94,97|0|0|0|0|0|0|0|0|2||8033011321675|0769298|MACOM|867|1|39,99|0|39,99|32,78|VEN||0|26,35
06082021 00:00|09052021|16|22|12|||SM26|SUPERMEDIA|02147260174|||||||||DET|94,97|77,85|94,97|0|0|0|0|0|0|0|0|3||8018417251450|0893652|SBS|TEKITTR2ULH21AFAST|1|34,99|0|34,99|28,68|VEN||0|22,26
06082021 00:00|09052021|16|24|13|||SM26|SUPERMEDIA|02147260174||0431071873925|||||||DET|59,99|49,17|59,99|0|0|0|0|0|0|0|0|1||0193575000800|0990556|GOOGLE|GA00638-ES|1|59,99|0|59,99|49,17|VEN||0|41,25
06082021 00:00|09052021|16|26|14|||SM26|SUPERMEDIA|02147260174|||||||||DET|145,96|119,64|145,96|0|0|0|0|0|0|0|0|1||3307215977415|0655446|UBISOFT||1|29,99|0|29,99|24,58|VEN||0|21,65
06082021 00:00|09052021|16|26|14|||SM26|SUPERMEDIA|02147260174|||||||||DET|145,96|119,64|145,96|0|0|0|0|0|0|0|0|2||3307216063933|0800084|UBISOFT||1|40,99|0|40,99|33,60|VEN||0|29,58
06082021 00:00|09052021|16|26|14|||SM26|SUPERMEDIA|02147260174|||||||||DET|145,96|119,64|145,96|0|0|0|0|0|0|0|0|3||5906961199744|0979837|GAMETEKK|KOCHMEDIA 2|1|29,99|0|29,99|24,58|VEN||0|21,62
06082021 00:00|09052021|16|26|14|||SM26|SUPERMEDIA|02147260174|||||||||DET|145,96|119,64|145,96|0|0|0|0|0|0|0|0|4||3307216168331|1007094|UBISOFT||1|44,99|0|44,99|36,88|VEN||0|51,96
06082021 00:00|09052021|16|27|15|||SM26|SUPERMEDIA|02147260174|||||||||DET|10,99|9,01|10,99|0|0|0|0|0|0|0|0|1||0619659102135|0399688|SANDISK|SDCZ48-016G-U46|1|10,99|0|10,99|9,01|VEN||0|7,13
06082021 00:00|09052021|18|29|2|||SM26|SUPERMEDIA|02147260174|||||||||DET|99,00|81,15|99,00|0|0|0|0|0|0|0|0|1||4251755608683|0992992|MICROSOFT|6GQ-01311|1|99,00|0|99,00|81,15|VEN||0|68,15
06082021 00:00|09052021|16|31|16|||SM26|SUPERMEDIA|02147260174||0431068984603|||||||DET|34,99|28,68|34,99|0|0|0|0|0|0|0|0|1||4250366853918|0845713|GIGASET|E260BLACK|1|34,99|0|34,99|28,68|VEN||0|22,15
06082021 00:00|09052021|16|34|18|||SM26|SUPERMEDIA|02147260174||0431071873826|||||||DET|305,98|250,81|305,98|0|0|0|0|0|0|0|0|1||8806092081901|1078490|SAMSUNG|GALAXY A32 BLUE|1|279,00|0|279,00|228,69|VEN||0|217,25
06082021 00:00|09052021|16|34|18|||SM26|SUPERMEDIA|02147260174||0431071873826|||||||DET|305,98|250,81|305,98|0|0|0|0|0|0|0|0|2||8018080414275|1079275|CELLULAR LINE|SOFTGALA324GT|1|9,99|0|9,99|8,19|VEN||0|5,43
06082021 00:00|09052021|16|34|18|||SM26|SUPERMEDIA|02147260174||0431071873826|||||||DET|305,98|250,81|305,98|0|0|0|0|0|0|0|0|3||8018080414305|1079391|CELLULAR LINE|TEMPGCABGALA324GK|1|16,99|0|16,99|13,93|VEN||0|8,59
06082021 00:00|09052021|17|35|19|||SM26|SUPERMEDIA|02147260174|||||||||DET|1079,00|884,43|1079,00|0|0|0|0|0|0|0|0|1||8806090883941|1063308|SAMSUNG|GALAXY S21+ 128GB BLACK|1|1079,00|0|1079,00|884,43|VEN||0|865,50
06082021 00:00|09052021|17|36|20|||SM26|SUPERMEDIA|02147260174|||||||||DET|19,99|16,39|19,99|0|0|0|0|0|0|0|0|1||5025232274444|0933681|PANASONIC|RP-HT 090/41 E-H|1|19,99|0|19,99|16,39|VEN||0|8,55
06082021 00:00|09052021|17|38|21|||SM26|SUPERMEDIA|02147260174|||||||||DET|19,99|16,39|19,99|0|0|0|0|0|0|0|0|1||8015908737219|0697008|BRONDI|GALA-BIANCO/GRIGIO|1|19,99|0|19,99|16,39|VEN||0|12,15
06082021 00:00|09052021|17|39|22|||SM26|SUPERMEDIA|02147260174|||||||||DET|65,97|54,08|65,97|0|0|0|0|0|0|0|0|1||8016637150324|0433472|ELETTROCASA|AS30|1|5,99|0|5,99|4,91|VEN||0|2,65
06082021 00:00|09052021|17|39|22|||SM26|SUPERMEDIA|02147260174|||||||||DET|65,97|54,08|65,97|0|0|0|0|0|0|0|0|2||3030050154832|0979784|BABYLISS|6704WE|1|39,99|0|39,99|32,78|VEN||0|26,56
06082021 00:00|09052021|17|39|22|||SM26|SUPERMEDIA|02147260174|||||||||DET|65,97|54,08|65,97|0|0|0|0|0|0|0|0|3||4211125708252|0992545|BEURER|KS28ROUND|1|19,99|0|19,99|16,39|VEN||0|13,48
06082021 00:00|09052021|17|40|23|||SM26|SUPERMEDIA|02147260174||0431059659442|||||||DET|59,95|49,15|59,95|0|0|0|0|0|0|0|0|1||4905524937305|0432044|SONY|MDREX15APW BIANCA|1|9,99|0|9,99|8,19|VEN||0|6,35
06082021 00:00|09052021|17|40|23|||SM26|SUPERMEDIA|02147260174||0431059659442|||||||DET|59,95|49,15|59,95|0|0|0|0|0|0|0|0|2||4905524931235|0432053|SONY|MDREX15APB NERA|1|9,99|0|9,99|8,19|VEN||0|6,35
06082021 00:00|09052021|17|40|23|||SM26|SUPERMEDIA|02147260174||0431059659442|||||||DET|59,95|49,15|59,95|0|0|0|0|0|0|0|0|3||4905524937336|0537164|SONY|MDREX15APP|1|9,99|0|9,99|8,19|VEN||0|6,35
06082021 00:00|09052021|17|40|23|||SM26|SUPERMEDIA|02147260174||0431059659442|||||||DET|59,95|49,15|59,95|0|0|0|0|0|0|0|0|4||4002515948903|0901331|MIELE|10795710|1|14,99|0|14,99|12,29|VEN||0|10,65
06082021 00:00|09052021|17|40|23|||SM26|SUPERMEDIA|02147260174||0431059659442|||||||DET|59,95|49,15|59,95|0|0|0|0|0|0|0|0|5||4002516338628|1049646|MIELE|ULTRAPHAS1|1|14,99|0|14,99|12,29|VEN||0|10,65
06082021 00:00|09052021|18|42|25|||SM26|SUPERMEDIA|02147260174||0432001137759|||||||DET|1308,99|1072,95|1308,99|0|0|0|0|0|0|0|0|1||8032779837343|0563429|ESTENDO|GRELC+3TV2000|1|109,99|0|109,99|90,16|VEN||0|61,53
06082021 00:00|09052021|18|42|25|||SM26|SUPERMEDIA|02147260174||0432001137759|||||||DET|1308,99|1072,95|1308,99|0|0|0|0|0|0|0|0|2||8806090317712|1005666|SAMSUNG|QE55Q90TAT|1|1199,00|0|1199,00|982,79|VEN||0|850,00
06082021 00:00|09052021|18|44|26|||SM26|SUPERMEDIA|02147260174|||||||||DET|14,99|12,29|14,99|0|0|0|0|0|0|0|0|1||8018080399312|1062390|CELLULAR LINE|CLEARDUOGALS21T|1|14,99|0|14,99|12,29|VEN||0|8,15
06082021 00:00|09052021|18|45|27|||SM26|SUPERMEDIA|02147260174|||||||||DET|79,99|65,57|79,99|0|0|0|0|0|0|0|0|1||6934177719844|1063077|XIAOMI|MI EARPHONES 2S|1|79,99|0|79,99|65,57|VEN||0|50,16
06082021 00:00|09052021|18|47|28|||SM26|SUPERMEDIA|02147260174|||||||||DET|19,99|16,39|19,99|0|0|0|0|0|0|0|0|1||4250366826004|0284533|GIGASET|DA310BLACK|1|19,99|0|19,99|16,39|VEN||0|14,39
06082021 00:00|09052021|18|48|29|||SM26|SUPERMEDIA|02147260174|||||||||DET|35,94|29,46|35,94|0|0|0|0|0|0|0|0|1||8018080224867|0519638|CELLULAR LINE|AUXMUSICABLE35D|1|10,99|0|10,99|9,01|VEN||0|5,99
06082021 00:00|09052021|18|48|29|||SM26|SUPERMEDIA|02147260174|||||||||DET|35,94|29,46|35,94|0|0|0|0|0|0|0|0|2||8018080335594|0828126|AQL|BTHEADBHELIOSK|1|24,95|0|24,95|20,45|VEN||0|16,19
06082021 00:00|09052021|18|50|30|||SM26|SUPERMEDIA|02147260174|||||||||DET|31,98|26,22|31,98|0|0|0|0|0|0|0|0|1||8018080379291|1001223|CELLULAR LINE|TEMPGCABGALA41K|1|16,99|0|16,99|13,93|VEN||0|8,59
06082021 00:00|09052021|18|50|30|||SM26|SUPERMEDIA|02147260174|||||||||DET|31,98|26,22|31,98|0|0|0|0|0|0|0|0|2||8018080379642|1002785|CELLULAR LINE|CLEARDUOGALA41T|1|14,99|0|14,99|12,29|VEN||0|8,15
06082021 00:00|09052021|15|1|1|||SM28|SUPERMEDIA|02147260174|||||||||DET|215,99|177,04|215,99|0|0|0|0|0|0|0|0|1||8018080383991|1007432|CELLULAR LINE|BOOK3GALA21SK|1|16,99|0|16,99|13,93|VEN||0|9,23
06082021 00:00|09052021|15|1|1|||SM28|SUPERMEDIA|02147260174|||||||||DET|215,99|177,04|215,99|0|0|0|0|0|0|0|0|2||8806090822124|1039719|SAMSUNG|GALAXY A21S 128 BLUE|1|199,00|0|199,00|163,11|VEN||0|170,89
06082021 00:00|09052021|15|4|2|||SM28|SUPERMEDIA|02147260174|||||||||DET|14,99|12,29|14,99|0|0|0|0|0|0|0|0|1||4044155074437|0627450|SENNHEISER|MX-365W|1|14,99|0|14,99|12,29|VEN||0|9,28
06082021 00:00|09052021|15|5|3|||SM28|SUPERMEDIA|02147260174|||||||||DET|389,00|318,85|389,00|0|0|0|0|0|0|0|0|1||8003437044380|1054274|WHIRLPOOL|FFSP8IT|1|389,00|0|389,00|318,85|VEN||0|215,83
06082021 00:00|09052021|16|10|4|||SM28|SUPERMEDIA|02147260174|||||||||DET|-139,90|-114,67|-139,90|0|0|0|0|0|0|0|0|1||8003437861543|1004364|WHIRLPOOL|MWP253SB|-1|139,90|0|-139,90|-114,67|RES||0|101,15
06082021 00:00|09052021|16|11|5|||SM28|SUPERMEDIA|02147260174|||||||||DET|139,92|117,34|139,92|0|0|0|0|0|0|0|0|1||7638900298512|0465669|ENERGIZER|E300126300|2|4,99|0|9,98|8,18|VEN||0|2,15
06082021 00:00|09052021|16|11|5|||SM28|SUPERMEDIA|02147260174|||||||||DET|139,92|117,34|139,92|0|0|0|0|0|0|0|0|2|||1032084|GIMA|35072OXY-2|1|19,99|0|19,99|19,04|VEN||0|13,30
06082021 00:00|09052021|16|11|5|||SM28|SUPERMEDIA|02147260174|||||||||DET|139,92|117,34|139,92|0|0|0|0|0|0|0|0|3||3016661147043|2420262|MOULINEX|OX4648|1|109,95|0|109,95|90,12|VEN||0|83,58
06082021 00:00|09052021|16|12|6|||SM28|SUPERMEDIA|02147260174||0431070245457|||||||DET|388,97|318,83|388,97|0|0|0|0|0|0|0|0|1||8056098120047|0614115|ESTENDO|GRELH12TEL300M|1|59,99|0|59,99|49,17|VEN||0|40,65
06082021 00:00|09052021|16|12|6|||SM28|SUPERMEDIA|02147260174||0431070245457|||||||DET|388,97|318,83|388,97|0|0|0|0|0|0|0|0|2||8018080301810|0704839|CELLULAR LINE|AUCAPSULEK|1|12,99|0|12,99|10,65|VEN||0|7,24
06082021 00:00|09052021|16|12|6|||SM28|SUPERMEDIA|02147260174||0431070245457|||||||DET|388,97|318,83|388,97|0|0|0|0|0|0|0|0|3||8018080395550|1053505|CELLULAR LINE|TEMPGCABGALA42K|1|16,99|0|16,99|13,93|VEN||0|8,58
06082021 00:00|09052021|16|12|6|||SM28|SUPERMEDIA|02147260174||0431070245457|||||||DET|388,97|318,83|388,97|0|0|0|0|0|0|0|0|4||8056735016443|1062700|VODAFONE|GALAXY A42 5G BLACK|1|299,00|0|299,00|245,08|VEN||0|227,37
06082021 00:00|09052021|16|13|7|||SM28|SUPERMEDIA|02147260174|||||||||DET|19,99|16,39|19,99|0|0|0|0|0|0|0|0|1||5055856406112|0659969|GAMETEKK||1|19,99|0|19,99|16,39|VEN||0|25,79
06082021 00:00|09052021|17|14|8|||SM28|SUPERMEDIA|02147260174||0431071887250|||||||DET|49,90|40,90|49,90|0|0|0|0|0|0|0|0|1||5025232937455|1051561|PANASONIC|RPHF420BEW|1|49,90|0|49,90|40,90|VEN||0|25,00
06082021 00:00|09052021|17|18|11|||SM28|SUPERMEDIA|02147260174|||||||||DET|99,99|81,96|99,99|0|0|0|0|0|0|0|0|1||80074039007|0957218|IMETEC|9007 PS2 2400|1|99,99|0|99,99|81,96|VEN||0|71,05
06082021 00:00|09052021|18|19|12|||SM28|SUPERMEDIA|02147260174||0431071887243|||||||DET|818,89|671,22|818,89|0|0|0|0|0|0|0|0|1||8006023275762|0899068|MELICONI|CONTROL2.1|1|12,90|0|12,90|10,57|VEN||0|6,95
06082021 00:00|09052021|18|19|12|||SM28|SUPERMEDIA|02147260174||0431071887243|||||||DET|818,89|671,22|818,89|0|0|0|0|0|0|0|0|2||0195161090462|1036874|HP|15-EH0009NL|1|799,00|0|799,00|654,92|VEN||0|666,00
06082021 00:00|09052021|18|19|12|||SM28|SUPERMEDIA|02147260174||0431071887243|||||||DET|818,89|671,22|818,89|0|0|0|0|0|0|0|0|3||0192545918244|1039559|HP|4QM14AA|1|6,99|0|6,99|5,73|VEN||0|4,01
06082021 00:00|09052021|18|21|13|||SM28|SUPERMEDIA|02147260174||0431071887243|||||||DET|99,00|81,15|99,00|0|0|0|0|0|0|0|0|1||4251755608683|0992992|MICROSOFT|6GQ-01311|1|99,00|0|99,00|81,15|VEN||0|68,15
06082021 00:00|09052021|18|22|14|||SM28|SUPERMEDIA|02147260174|||||||||DET|35,99|29,50|35,99|0|0|0|0|0|0|0|0|1||8713439221428|1015138|TRUST|22142|1|35,99|0|35,99|29,50|VEN||0|20,57
06082021 00:00|09052021|18|23|1|||SM28|SUPERMEDIA|02147260174|||||||||DET|3,99|3,27|3,99|0|0|0|0|0|0|0|0|1||5602024083271|0054684|A-PAPER|3997|1|3,99|0|3,99|3,27|VEN||0|2,40
06082021 00:00|09052021|18|29|15|||SM28|SUPERMEDIA|02147260174||0431071887236|||||||DET|938,00|768,85|938,00|0|0|0|0|0|0|0|0|1||4242002970776|0628315|BOSCH|SMV25EX00E|1|459,00|0|459,00|376,23|VEN||0|275,80
06082021 00:00|09052021|18|29|15|||SM28|SUPERMEDIA|02147260174||0431071887236|||||||DET|938,00|768,85|938,00|0|0|0|0|0|0|0|0|2||8003437238161|1041485|WHIRLPOOL|WLB8160NE|1|479,00|0|479,00|392,62|VEN||0|294,72
06082021 00:00|09052021|19|32|17|||SM28|SUPERMEDIA|02147260174||0431071891240|||||||DET|578,98|474,58|578,98|0|0|0|0|0|0|0|0|1||8032779837329|0563447|ESTENDO|GRELC+3TV500|1|69,99|0|69,99|57,37|VEN||0|39,45
06082021 00:00|09052021|19|32|17|||SM28|SUPERMEDIA|02147260174||0431071891240|||||||DET|578,98|474,58|578,98|0|0|0|0|0|0|0|0|2||8018417224973|0593129|EKON|ECVSCAR3RCA15MM|1|9,99|0|9,99|8,19|VEN||0|4,26
06082021 00:00|09052021|19|32|17|||SM28|SUPERMEDIA|02147260174||0431071891240|||||||DET|578,98|474,58|578,98|0|0|0|0|0|0|0|0|3||8806098688814|1006727|LG|49UN74006L|1|499,00|0|499,00|409,02|VEN||0|377,75
06082021 00:00|09052021|19|34|18|||SM28|SUPERMEDIA|02147260174||0431059333038|||||||DET|29,90|24,51|29,90|0|0|0|0|0|0|0|0|1||0045496426347|1003524|NINTENDO||1|29,90|0|29,90|24,51|VEN||0|28,84
06082021 00:00|09052021|16|4|2|||SM32|SUPERMEDIA|02147260174||0431059470351|||||||DET|39,99|32,78|39,99|0|0|0|0|0|0|0|0|1||8715946668253|0980317|EPSON|603 BK/C/M/Y STELLA MARINA|1|39,99|0|39,99|32,78|VEN||0|24,19
06082021 00:00|09052021|17|5|3|||SM32|SUPERMEDIA|02147260174|||||||||DET|22,99|18,84|22,99|0|0|0|0|0|0|0|0|1||8018080303869|0705259|CELLULAR LINE|ACHHUKITQCTYCK|1|22,99|0|22,99|18,84|VEN||0|12,63
06082021 00:00|09052021|17|8|4|||SM32|SUPERMEDIA|02147260174|||||||||DET|39,99|32,78|39,99|0|0|0|0|0|0|0|0|1||8018417253706|0852269|SBS|TEWIRELESSQI10W|1|39,99|0|39,99|32,78|VEN||0|25,47
06082021 00:00|09052021|17|9|5|||SM32|SUPERMEDIA|02147260174||0431059648477|||||||DET|618,99|507,37|618,99|0|0|0|0|0|0|0|0|1||8053470330315|0997005|ESTENDO|GRELH12+2DYA600|1|69,99|0|69,99|57,37|VEN||0|30,04
06082021 00:00|09052021|17|9|5|||SM32|SUPERMEDIA|02147260174||0431059648477|||||||DET|618,99|507,37|618,99|0|0|0|0|0|0|0|0|2||5025155046470|1001857|DYSON|V11ABSEXTR|1|549,00|0|549,00|450,00|VEN||0|536,31
06082021 00:00|09052021|17|10|6|||SM32|SUPERMEDIA|02147260174|||||||||DET|189,00|154,92|189,00|0|0|0|0|0|0|0|0|1||8806090881343|1063399|SAMSUNG|GALAXY A12 WHITE 128GB|1|189,00|0|189,00|154,92|VEN||0|153,95
06082021 00:00|09052021|17|11|7|||SM32|SUPERMEDIA|02147260174|||||||||DET|89,99|73,76|89,99|0|0|0|0|0|0|0|0|1||8715946666174|0974440|EPSON|WF-2810|1|89,99|0|89,99|73,76|VEN||0|64,69
06082021 00:00|09052021|18|12|8|||SM32|SUPERMEDIA|02147260174|||||||||DET|558,99|458,19|558,99|0|0|0|0|0|0|0|0|1||8032779837459|0563027|ESTENDO|GRELC+2LAV1000|1|59,99|0|59,99|49,17|VEN||0|33,81
06082021 00:00|09052021|18|12|8|||SM32|SUPERMEDIA|02147260174|||||||||DET|558,99|458,19|558,99|0|0|0|0|0|0|0|0|2||8003437263491|0905854|WHIRLPOOL|AUTODOSE9425|1|499,00|0|499,00|409,02|VEN||0|325,70
06082021 00:00|09052021|18|13|9|||SM32|SUPERMEDIA|02147260174||0431065157970|||||||DET|32,98|27,04|32,98|0|0|0|0|0|0|0|0|1||0190198001733|0616408|APPLE|MMTN2ZM/A|1|19,99|0|19,99|16,39|VEN||0|11,52
06082021 00:00|09052021|18|13|9|||SM32|SUPERMEDIA|02147260174||0431065157970|||||||DET|32,98|27,04|32,98|0|0|0|0|0|0|0|0|2||8018080367854|1059180|CELLULAR LINE|PLCABMFI1M|1|12,99|0|12,99|10,65|VEN||0|7,94
06082021 00:00|09052021|18|15|10|||SM32|SUPERMEDIA|02147260174|||||||||DET|24,99|20,48|24,99|0|0|0|0|0|0|0|0|1||0194252157022|1046845|APPLE|MHJE3ZM/A|1|24,99|0|24,99|20,48|VEN||0|15,16
06082021 00:00|09052021|18|16|11|||SM32|SUPERMEDIA|02147260174||0431068923336|||||||DET|298,98|245,07|298,98|0|0|0|0|0|0|0|0|1||8806090248320|0985973|SAMSUNG|GALAXY A51 BLACK|1|269,00|0|269,00|220,49|VEN||0|291,50
06082021 00:00|09052021|18|16|11|||SM32|SUPERMEDIA|02147260174||0431068923336|||||||DET|298,98|245,07|298,98|0|0|0|0|0|0|0|0|2||8018417293917|0994268|SBS|TESKINSAA51T|1|12,99|0|12,99|10,65|VEN||0|5,52
06082021 00:00|09052021|18|16|11|||SM32|SUPERMEDIA|02147260174||0431068923336|||||||DET|298,98|245,07|298,98|0|0|0|0|0|0|0|0|3||8018417295584|1022772|SBS|TESCRFCSAA51K|1|16,99|0|16,99|13,93|VEN||0|11,96
06082021 00:00|09052021|18|17|1|||SM32|SUPERMEDIA|02147260174|||||||||DET|273,98|224,58|273,98|0|0|0|0|0|0|0|0|1||8018080276620|0585575|CELLULAR LINE|CLEARDUOIPH747T|1|14,99|0|14,99|12,29|VEN||0|8,17
06082021 00:00|09052021|18|17|1|||SM32|SUPERMEDIA|02147260174|||||||||DET|273,98|224,58|273,98|0|0|0|0|0|0|0|0|2||8018080385964|1013693|CELLULAR LINE|GLASSGOIPH947|1|19,99|0|19,99|16,39|VEN||0|7,85
06082021 00:00|09052021|18|17|1|||SM32|SUPERMEDIA|02147260174|||||||||DET|273,98|224,58|273,98|0|0|0|0|0|0|0|0|3||2999999999999|1052178|SIM-TECH|IPHONE 7 32GB BLACK - RICONDIZIONATO -|1|239,00|0|239,00|195,90|VEN||0|155,04
06082021 00:00|09052021|18|20|12|||SM32|SUPERMEDIA|02147260174|||||||||DET|29,95|24,55|29,95|0|0|0|0|0|0|0|0|1||8018080375415|1029677|AQL|BTHEADBKOSMOS2K|1|29,95|0|29,95|24,55|VEN||0|19,46
06082021 00:00|09052021|10|1|1|||SM36|SUPERMEDIA|02147260174|||||||||DET|23,99|19,66|23,99|0|0|0|0|0|0|0|0|1||8714574605500|0411174|CANON|CL-546 COLORE|1|23,99|0|23,99|19,66|VEN||0|13,70
06082021 00:00|09052021|10|3|2|||SM36|SUPERMEDIA|02147260174|||||||||DET|13,99|11,47|13,99|0|0|0|0|0|0|0|0|1||8715946518572|0330653|EPSON|T1621 PENNA E CRUCIVERBA|1|13,99|0|13,99|11,47|VEN||0|8,24
06082021 00:00|09052021|10|4|3|||SM36|SUPERMEDIA|02147260174||0431070400368|||||||DET|166,98|136,87|166,98|0|0|0|0|0|0|0|0|1||8018080355516|0952240|CELLULAR LINE|SLIDECLICK4XK|1|16,99|0|16,99|13,93|VEN||0|9,24
06082021 00:00|09052021|10|4|3|||SM36|SUPERMEDIA|02147260174||0431070400368|||||||DET|166,98|136,87|166,98|0|0|0|0|0|0|0|0|2||8015908770704|1082378|BRONDI|AMICO SMARTPHONE S|1|149,99|0|149,99|122,94|VEN||0|107,62
06082021 00:00|09052021|10|5|4|||SM36|SUPERMEDIA|02147260174|||||||||DET|40,99|33,60|40,99|0|0|0|0|0|0|0|0|1||0884962838983|0353281|HP|300 BIPACK|1|40,99|0|40,99|33,60|VEN||0|28,11
06082021 00:00|09052021|11|7|6|||SM36|SUPERMEDIA|02147260174|||||||||DET|7,99|6,55|7,99|0|0|0|0|0|0|0|0|1||7638900426601|0248930|ENERGIZER|E300112300|1|7,99|0|7,99|6,55|VEN||0|3,24
06082021 00:00|09052021|11|8|7|||SM36|SUPERMEDIA|02147260174||0431061243448|||||||DET|10,00|10,00|10,00|0|0|0|0|0|0|0|0|1||8032993310776|9950300|EURONET||1|10,00|0|10,00|10,00|VEN||0|9,62
06082021 00:00|09052021|11|9|8|||SM36|SUPERMEDIA|02147260174||0431061243448|||||||DET|10,00|10,00|10,00|0|0|0|0|0|0|0|0|1||8032993310776|9950300|EURONET||1|10,00|0|10,00|10,00|VEN||0|9,62
06082021 00:00|09052021|11|14|9|||SM36|SUPERMEDIA|02147260174|||||||||DET|-69,99|-57,37|-69,99|0|0|0|0|0|0|0|0|1||6934177721496|1071601|XIAOMI|MI WATCH LITE BLACK|-1|69,99|0|-69,99|-57,37|RES||0|33,23
06082021 00:00|09052021|11|15|10|||SM36|SUPERMEDIA|02147260174|||||||||DET|79,90|65,49|79,90|0|0|0|0|0|0|0|0|1||6972453167170|1034769|HUAWEI|WATCH FIT BLACK|1|79,90|0|79,90|65,49|VEN||0|101,40
06082021 00:00|09052021|11|16|11|||SM36|SUPERMEDIA|02147260174|||||||||DET|12,99|10,65|12,99|0|0|0|0|0|0|0|0|1||8018080327292|1029604|AQL|BTAUDIORECEIVERK|1|12,99|0|12,99|10,65|VEN||0|8,45
06082021 00:00|09052021|11|17|12|||SM36|SUPERMEDIA|02147260174|||||||||DET|31,02|25,42|31,02|0|0|0|0|0|0|0|0|1||7638900297331|0516141|ENERGIZER|TORCIA POWER|1|3,59|0|3,59|2,94|VEN||0|2,24
06082021 00:00|09052021|11|17|12|||SM36|SUPERMEDIA|02147260174|||||||||DET|31,02|25,42|31,02|0|0|0|0|0|0|0|0|2||7638900297331|0516141|ENERGIZER|TORCIA POWER|1|3,59|0|3,59|2,94|VEN||0|2,24
06082021 00:00|09052021|11|17|12|||SM36|SUPERMEDIA|02147260174|||||||||DET|31,02|25,42|31,02|0|0|0|0|0|0|0|0|3||8718696701614|0934662|PHILIPS|LED120SMP|1|11,92|0|11,92|9,77|VEN||0|9,24
06082021 00:00|09052021|11|17|12|||SM36|SUPERMEDIA|02147260174|||||||||DET|31,02|25,42|31,02|0|0|0|0|0|0|0|0|4||8718696701614|0934662|PHILIPS|LED120SMP|1|11,92|0|11,92|9,77|VEN||0|9,24
06082021 00:00|09052021|11|18|13|||SM36|SUPERMEDIA|02147260174|||||||||DET|85,98|70,48|85,98|0|0|0|0|0|0|0|0|1||0888182461952|0481678|HP|C2P05AE|1|39,99|0|39,99|32,78|VEN||0|28,87
06082021 00:00|09052021|11|18|13|||SM36|SUPERMEDIA|02147260174|||||||||DET|85,98|70,48|85,98|0|0|0|0|0|0|0|0|2||0888182461990|0481687|HP|C2P07AE|1|45,99|0|45,99|37,70|VEN||0|32,31
06082021 00:00|09052021|11|19|14|||SM36|SUPERMEDIA|02147260174|||||||||DET|28,98|23,76|28,98|0|0|0|0|0|0|0|0|1||8018080203268|0439225|CELLULAR LINE||1|19,99|0|19,99|16,39|VEN||0|10,13
06082021 00:00|09052021|11|19|14|||SM36|SUPERMEDIA|02147260174|||||||||DET|28,98|23,76|28,98|0|0|0|0|0|0|0|0|2||8018080268854|0594841|CELLULAR LINE|USBDATA06MUSBK|1|8,99|0|8,99|7,37|VEN||0|4,82
06082021 00:00|09052021|16|22|15|||SM36|SUPERMEDIA|02147260174||0431070400474|||||||DET|989,97|811,46|989,97|0|0|0|0|0|0|0|0|1||8016637150447|0472553|ELETTROCASA|AS42|1|5,99|0|5,99|4,91|VEN||0|2,65
06082021 00:00|09052021|16|22|15|||SM36|SUPERMEDIA|02147260174||0431070400474|||||||DET|989,97|811,46|989,97|0|0|0|0|0|0|0|0|2||8032779837466|0563090|ESTENDO|GRELC+3LAV1000|1|79,99|0|79,99|65,57|VEN||0|45,11
06082021 00:00|09052021|16|22|15|||SM36|SUPERMEDIA|02147260174||0431070400474|||||||DET|989,97|811,46|989,97|0|0|0|0|0|0|0|0|3||5901292511098|0810885|TCL|32DD420|1|199,00|0|199,00|163,11|VEN||0|157,36
06082021 00:00|09052021|16|22|15|||SM36|SUPERMEDIA|02147260174||0431070400474|||||||DET|989,97|811,46|989,97|0|0|0|0|0|0|0|0|4||8806090602672|1035599|SAMSUNG|WW80TA046TT|1|499,00|0|499,00|409,02|VEN||0|312,54
06082021 00:00|09052021|16|22|15|||SM36|SUPERMEDIA|02147260174||0431070400474|||||||DET|989,97|811,46|989,97|0|0|0|0|0|0|0|0|5||8018417325823|1057011|SBS|TESCRFCSAA12K|1|16,99|0|16,99|13,93|VEN||0|11,96
06082021 00:00|09052021|16|22|15|||SM36|SUPERMEDIA|02147260174||0431070400474|||||||DET|989,97|811,46|989,97|0|0|0|0|0|0|0|0|6||8806090881343|1063399|SAMSUNG|GALAXY A12 WHITE 128GB|1|189,00|0|189,00|154,92|VEN||0|153,95
06082021 00:00|09052021|16|24|16|||SM36|SUPERMEDIA|02147260174|||||||||DET|17,98|14,74|17,98|0|0|0|0|0|0|0|0|1||5051891023857|0199788|MT|WARNER HOME|1|7,99|0|7,99|6,55|VEN||0|5,47
06082021 00:00|09052021|16|24|16|||SM36|SUPERMEDIA|02147260174|||||||||DET|17,98|14,74|17,98|0|0|0|0|0|0|0|0|2||7321958186329|6733460|MT|WARNER HE|1|9,99|0|9,99|8,19|VEN||0|6,80
06082021 00:00|09052021|17|25|17|||SM36|SUPERMEDIA|02147260174||0431070400474|||||||DET|14,99|12,29|14,99|0|0|0|0|0|0|0|0|1||8009476104986|0495253|CIATTI|ENMONO30|1|14,99|0|14,99|12,29|VEN||0|5,95
06082021 00:00|09052021|17|26|18|||SM36|SUPERMEDIA|02147260174||0431070403062|||||||DET|24,97|20,47|24,97|0|0|0|0|0|0|0|0|1||5602024083271|0054684|A-PAPER|3997|1|3,99|0|3,99|3,27|VEN||0|2,40
06082021 00:00|09052021|17|26|18|||SM36|SUPERMEDIA|02147260174||0431070403062|||||||DET|24,97|20,47|24,97|0|0|0|0|0|0|0|0|2||5602024083271|0054684|A-PAPER|3997|1|3,99|0|3,99|3,27|VEN||0|2,40
06082021 00:00|09052021|17|26|18|||SM36|SUPERMEDIA|02147260174||0431070403062|||||||DET|24,97|20,47|24,97|0|0|0|0|0|0|0|0|3||8018080301995|0680846|CELLULAR LINE|TEMPGLASSIPH8|1|16,99|0|16,99|13,93|VEN||0|8,62
06082021 00:00|09052021|17|27|19|||SM36|SUPERMEDIA|02147260174|||||||||DET|10,00|10,00|10,00|0|0|0|0|0|0|0|0|1||8056735004945|0573481|EURONET|SERVIZI 10 EURO|1|10,00|0|10,00|10,00|VEN||0|9,00
06082021 00:00|09052021|18|28|20|||SM36|SUPERMEDIA|02147260174||0431070400351|||||||DET|155,99|127,86|155,99|0|0|0|0|0|0|0|0|1||8018080402456|1062283|CELLULAR LINE|BOOK3GALA02SK|1|16,99|0|16,99|13,93|VEN||0|9,24
06082021 00:00|09052021|18|28|20|||SM36|SUPERMEDIA|02147260174||0431070400351|||||||DET|155,99|127,86|155,99|0|0|0|0|0|0|0|0|2||8806090872945|1063442|SAMSUNG|GALAXY A02 BLACK|1|139,00|0|139,00|113,93|VEN||0|104,43
06082021 00:00|09052021|18|29|21|||SM36|SUPERMEDIA|02147260174|||||||||DET|25,00|25,00|25,00|0|0|0|0|0|0|0|0|1||2999999999999|0664739|EPIPOLI|25 EURO|1|25,00|0|25,00|25,00|VEN||0|25,00
06082021 00:00|09052021|09|1|1|||SM37|SUPERMEDIA|02147260174|||||||||DET|4,99|4,09|4,99|0|0|0|0|0|0|0|0|1||8018417224669|0592638|EKON|ECAJACK05MMK|1|4,99|0|4,99|4,09|VEN||0|2,13
06082021 00:00|09052021|09|2|1|||SM37|SUPERMEDIA|02147260174||0431066008233|||||||DET|29,99|24,58|29,99|0|0|0|0|0|0|0|0|1||8806086785563|0524944|SAMSUNG|EP-LN915UBEGWW|1|29,99|0|29,99|24,58|VEN||0|20,39
06082021 00:00|09052021|09|3|2|||SM37|SUPERMEDIA|02147260174|||||||||DET|8,00|8,00|8,00|0|0|0|0|0|0|0|0|1||8055348514988|1080708|EURONET|8  EURO|1|8,00|0|8,00|8,00|VEN||0|7,95
06082021 00:00|09052021|09|5|3|||SM37|SUPERMEDIA|02147260174|||||||||DET|8,00|8,00|8,00|0|0|0|0|0|0|0|0|1||8055348514988|1080708|EURONET|8  EURO|1|8,00|0|8,00|8,00|VEN||0|7,95
06082021 00:00|09052021|09|6|4|||SM37|SUPERMEDIA|02147260174||0431071807197|||||||DET|1248,00|1022,95|1248,00|0|0|0|0|0|0|0|0|1||7332543623648|0802509|ELECTROLUX|LIV63443|1|549,00|0|549,00|450,00|VEN||0|306,35
06082021 00:00|09052021|09|6|4|||SM37|SUPERMEDIA|02147260174||0431071807197|||||||DET|1248,00|1022,95|1248,00|0|0|0|0|0|0|0|0|2||8806098739837|1006772|LG|55NANO816N|1|699,00|0|699,00|572,95|VEN||0|501,66
06082021 00:00|09052021|09|7|5|||SM37|SUPERMEDIA|02147260174|||||||||DET|14,99|12,29|14,99|0|0|0|0|0|0|0|0|1||8003705114036|0575327|ARIETE|1982|1|14,99|0|14,99|12,29|VEN||0|10,75
06082021 00:00|09052021|10|8|6|||SM37|SUPERMEDIA|02147260174||0431070392052|||||||DET|179,00|146,72|179,00|0|0|0|0|0|0|0|0|1||6944284670853|1038186|OPPO|A53S BLUE|1|179,00|0|179,00|146,72|VEN||0|152,35
06082021 00:00|09052021|11|9|3|||SM37|SUPERMEDIA|02147260174|||||||||DET|8,00|8,00|8,00|0|0|0|0|0|0|0|0|1||8055348514988|1080708|EURONET|8  EURO|1|8,00|0|8,00|8,00|VEN||0|7,95
06082021 00:00|09052021|10|10|7|||SM37|SUPERMEDIA|02147260174||0431061291920|||||||DET|12,99|10,65|12,99|0|0|0|0|0|0|0|0|1||0889894860743|0659264|HP|HP304BK|1|12,99|0|12,99|10,65|VEN||0|9,14
06082021 00:00|09052021|10|11|8|||SM37|SUPERMEDIA|02147260174|||||||||DET|9,99|8,19|9,99|0|0|0|0|0|0|0|0|1||4020628826598|0611145|MT|KOCH MEDIA|1|9,99|0|9,99|8,19|VEN||0|6,84
06082021 00:00|09052021|10|12|9|||SM37|SUPERMEDIA|02147260174|||||||||DET|9,99|8,19|9,99|0|0|0|0|0|0|0|0|1||5051891167063|0903240|MT|WARNER BROS INTERACTIVE|1|9,99|0|9,99|8,19|VEN||0|6,80
06082021 00:00|09052021|11|15|4|||SM37|SUPERMEDIA|02147260174|||||||||DET|8,00|8,00|8,00|0|0|0|0|0|0|0|0|1||8055348514988|1080708|EURONET|8  EURO|1|8,00|0|8,00|8,00|VEN||0|7,95
06082021 00:00|09052021|11|16|11|||SM37|SUPERMEDIA|02147260174|||||||||DET|20,00|20,00|20,00|0|0|0|0|0|0|0|0|1||8055348515046|1052105|EURONET|20 EURO|1|20,00|0|20,00|20,00|VEN||0|18,60
06082021 00:00|09052021|11|18|5|||SM37|SUPERMEDIA|02147260174|||||||||DET|15,00|15,00|15,00|0|0|0|0|0|0|0|0|1||8055348517057|1076358|EURONET|15 EURO|1|15,00|0|15,00|15,00|VEN||0|14,85
06082021 00:00|09052021|11|20|12|||SM37|SUPERMEDIA|02147260174||0431069186716|||||||DET|299,00|245,08|299,00|0|0|0|0|0|0|0|0|1||8059019007434|1043820|CANDY|CSS4137TE|1|299,00|0|299,00|245,08|VEN||0|237,25
06082021 00:00|09052021|12|21|7|||SM37|SUPERMEDIA|02147260174|||||||||DET|208,95|171,28|208,95|0|0|0|0|0|0|0|0|1||8056098120023|0614099|ESTENDO|GRELH12EL150M|1|34,99|0|34,99|28,68|VEN||0|22,32
06082021 00:00|09052021|12|21|7|||SM37|SUPERMEDIA|02147260174|||||||||DET|208,95|171,28|208,95|0|0|0|0|0|0|0|0|2||8018080301056|0704937|CELLULAR LINE|SLUGSMARTP|1|9,99|0|9,99|8,19|VEN||0|5,56
06082021 00:00|09052021|12|21|7|||SM37|SUPERMEDIA|02147260174|||||||||DET|208,95|171,28|208,95|0|0|0|0|0|0|0|0|3||8018080355516|0952240|CELLULAR LINE|SLIDECLICK4XK|1|16,99|0|16,99|13,93|VEN||0|9,24
06082021 00:00|09052021|12|21|7|||SM37|SUPERMEDIA|02147260174|||||||||DET|208,95|171,28|208,95|0|0|0|0|0|0|0|0|4||8018080387241|1018028|CELLULAR LINE|TEMPGCABXIAORE9K|1|16,99|0|16,99|13,93|VEN||0|8,59
06082021 00:00|09052021|12|21|7|||SM37|SUPERMEDIA|02147260174|||||||||DET|208,95|171,28|208,95|0|0|0|0|0|0|0|0|5||6941059649106|1033412|XIAOMI|REDMI 9C GRAY|1|129,99|0|129,99|106,55|VEN||0|115,65
06082021 00:00|09052021|11|22|13|||SM37|SUPERMEDIA|02147260174|||||||||DET|119,90|98,28|119,90|0|0|0|0|0|0|0|0|1||8003705119246|1041403|ARIETE|2757|1|119,90|0|119,90|98,28|VEN||0|75,17
06082021 00:00|09052021|12|23|14|||SM37|SUPERMEDIA|02147260174|||||||||DET|61,99|50,81|61,99|0|0|0|0|0|0|0|0|1||2999999999999|0661821|GAMETEKK||1|2,00|0|2,00|1,64|VEN||0|0,01
06082021 00:00|09052021|12|23|14|||SM37|SUPERMEDIA|02147260174|||||||||DET|61,99|50,81|61,99|0|0|0|0|0|0|0|0|2||0045496427368|1069623|NINTENDO|10004516|1|59,99|0|59,99|49,17|VEN||0|41,79
06082021 00:00|09052021|12|24|15|||SM37|SUPERMEDIA|02147260174|||||||||DET|10,00|10,00|10,00|0|0|0|0|0|0|0|0|1||8021096010041|0109698|EURONET|10 EURO|1|10,00|0|10,00|10,00|VEN||0|9,75
06082021 00:00|09052021|12|25|16|||SM37|SUPERMEDIA|02147260174|||||||||DET|12,99|10,65|12,99|0|0|0|0|0|0|0|0|1||8018417243387|0823620|SBS|TECABLEUSBIP5WHS|1|12,99|0|12,99|10,65|VEN||0|8,41
06082021 00:00|09052021|15|26|8|||SM37|SUPERMEDIA|02147260174||0431071807203|||||||DET|519,99|426,22|519,99|0|0|0|0|0|0|0|0|1||8032779837329|0563447|ESTENDO|GRELC+3TV500|1|69,99|0|69,99|57,37|VEN||0|39,45
06082021 00:00|09052021|15|26|8|||SM37|SUPERMEDIA|02147260174||0431071807203|||||||DET|519,99|426,22|519,99|0|0|0|0|0|0|0|0|2||5025232938988|1041412|PANASONIC|TX-55HX580|1|450,00|0|450,00|368,85|VEN||0|322,95
06082021 00:00|09052021|12|27|17|||SM37|SUPERMEDIA|02147260174|||||||||DET|24,99|20,48|24,99|0|0|0|0|0|0|0|0|1||4211125703127|0992536|BEURER|KS34XLINOX|1|24,99|0|24,99|20,48|VEN||0|16,56
06082021 00:00|09052021|12|28|18|||SM37|SUPERMEDIA|02147260174||0431065107524|||||||DET|9,99|8,19|9,99|0|0|0|0|0|0|0|0|1||8018294008635|0781666|FLAEM NUOVA|ANP1059|1|9,99|0|9,99|8,19|VEN||0|5,10
06082021 00:00|09052021|13|29|19|||SM37|SUPERMEDIA|02147260174|||||||||DET|20,00|20,00|20,00|0|0|0|0|0|0|0|0|1||2999999999999|0476292|EPIPOLI|20 EURO|1|20,00|0|20,00|20,00|VEN||0|20,00
06082021 00:00|09052021|13|30|20|||SM37|SUPERMEDIA|02147260174||0431061286759|||||||DET|22,99|18,84|22,99|0|0|0|0|0|0|0|0|1||8713439205763|0600610|TRUST|20576|1|22,99|0|22,99|18,84|VEN||0|15,14
06082021 00:00|09052021|15|31|21|||SM37|SUPERMEDIA|02147260174|||||||||DET|60,96|49,97|60,96|0|0|0|0|0|0|0|0|1||7638900298512|0465669|ENERGIZER|E300126300|1|4,99|0|4,99|4,09|VEN||0|2,15
06082021 00:00|09052021|15|31|21|||SM37|SUPERMEDIA|02147260174|||||||||DET|60,96|49,97|60,96|0|0|0|0|0|0|0|0|2||7638900298512|0465669|ENERGIZER|E300126300|1|4,99|0|4,99|4,09|VEN||0|2,15
06082021 00:00|09052021|15|31|21|||SM37|SUPERMEDIA|02147260174|||||||||DET|60,96|49,97|60,96|0|0|0|0|0|0|0|0|3||7638900298512|0465669|ENERGIZER|E300126300|1|4,99|0|4,99|4,09|VEN||0|2,15
06082021 00:00|09052021|15|31|21|||SM37|SUPERMEDIA|02147260174|||||||||DET|60,96|49,97|60,96|0|0|0|0|0|0|0|0|4||8710103777694|0691610|PHILIPS|HD2639/90|1|45,99|0|45,99|37,70|VEN||0|31,40
06082021 00:00|09052021|15|32|22|||SM37|SUPERMEDIA|02147260174||0431061284489|||||||DET|39,99|32,78|39,99|0|0|0|0|0|0|0|0|1||6934177720017|1019893|XIAOMI|MI BAND 5|1|39,99|0|39,99|32,78|VEN||0|14,50
06082021 00:00|09052021|18|33|9|||SM37|SUPERMEDIA|02147260174||0431066007939|||||||DET|385,97|316,38|385,97|0|0|0|0|0|0|0|0|1||8032779838074|0563722|ESTENDO|GRELH10TEL300|1|49,99|0|49,99|40,98|VEN||0|30,47
06082021 00:00|09052021|18|33|9|||SM37|SUPERMEDIA|02147260174||0431066007939|||||||DET|385,97|316,38|385,97|0|0|0|0|0|0|0|0|2||8018080372827|0984475|CELLULAR LINE|BOOKCLU2GALA71K|1|19,99|0|19,99|16,39|VEN||0|10,86
06082021 00:00|09052021|18|33|9|||SM37|SUPERMEDIA|02147260174||0431066007939|||||||DET|385,97|316,38|385,97|0|0|0|0|0|0|0|0|3||8018080371615|0984821|CELLULAR LINE|TEMPGCABGALA71K|1|16,99|0|16,99|13,93|VEN||0|8,58
06082021 00:00|09052021|18|33|9|||SM37|SUPERMEDIA|02147260174||0431066007939|||||||DET|385,97|316,38|385,97|0|0|0|0|0|0|0|0|4||8806090268892|0985964|SAMSUNG|GALAXY A71 BLUE|1|299,00|0|299,00|245,08|VEN||0|369,00
06082021 00:00|09052021|15|34|23|||SM37|SUPERMEDIA|02147260174||0431061284489|||||||DET|50,00|50,00|50,00|0|0|0|0|0|0|0|0|1||0799366158257|0521082|EPIPOLI|50 EURO|1|50,00|0|50,00|50,00|VEN||0|46,50
06082021 00:00|09052021|15|36|25|||SM37|SUPERMEDIA|02147260174||0431061292651|||||||DET|20,00|20,00|20,00|0|0|0|0|0|0|0|0|1||8055348515046|1052105|EURONET|20 EURO|1|20,00|0|20,00|20,00|VEN||0|18,60
06082021 00:00|09052021|15|37|26|||SM37|SUPERMEDIA|02147260174|||||||||DET|15,00|12,30|15,00|0|0|0|0|0|0|0|0|1||2999999999999|9950090|TIM||1|15,00|0|15,00|12,30|VEN||0|7,69
06082021 00:00|09052021|16|39|28|||SM37|SUPERMEDIA|02147260174||0431066008042|||||||DET|20,00|20,00|20,00|0|0|0|0|0|0|0|0|1||8055348515046|1052105|EURONET|20 EURO|1|20,00|0|20,00|20,00|VEN||0|18,60
06082021 00:00|09052021|16|40|29|||SM37|SUPERMEDIA|02147260174|||||||||DET|19,99|16,39|19,99|0|0|0|0|0|0|0|0|1||3391892000429|0803982|GAMETEKK|BANDAI|1|19,99|0|19,99|16,39|VEN||0|36,08
06082021 00:00|09052021|16|41|30|||SM37|SUPERMEDIA|02147260174|||||||||DET|50,00|50,00|50,00|0|0|0|0|0|0|0|0|1||0799366656449|0476309|EPIPOLI|50 EURO|1|50,00|0|50,00|50,00|VEN||0|50,00
06082021 00:00|09052021|17|42|31|||SM37|SUPERMEDIA|02147260174||0431070391734|||||||DET|1320,97|1082,77|1320,97|0|0|0|0|0|0|0|0|1||8056098122164|0997390|ESTENDO|GRELH12TEL1200M|1|139,99|0|139,99|114,75|VEN||0|94,34
06082021 00:00|09052021|17|42|31|||SM37|SUPERMEDIA|02147260174||0431070391734|||||||DET|1320,97|1082,77|1320,97|0|0|0|0|0|0|0|0|2||8018080388712|1017412|CELLULAR LINE|BLACKONYXIPH12MAXK|1|14,99|0|14,99|12,29|VEN||0|8,14
06082021 00:00|09052021|17|42|31|||SM37|SUPERMEDIA|02147260174||0431070391734|||||||DET|1320,97|1082,77|1320,97|0|0|0|0|0|0|0|0|3||8018080388781|1017993|CELLULAR LINE|TEMPGLASSIPH12MAX|1|16,99|0|16,99|13,93|VEN||0|8,58
06082021 00:00|09052021|17|42|31|||SM37|SUPERMEDIA|02147260174||0431070391734|||||||DET|1320,97|1082,77|1320,97|0|0|0|0|0|0|0|0|4||0194252037591|1044516|APPLE|MGMK3QL/A|1|1149,00|0|1149,00|941,80|VEN||0|945,87
06082021 00:00|09052021|18|44|32|||SM37|SUPERMEDIA|02147260174|||||||||DET|24,99|20,48|24,99|0|0|0|0|0|0|0|0|1||0190199534865|0988211|APPLE|MXLY2ZM/A|1|24,99|0|24,99|20,48|VEN||0|15,16
06082021 00:00|09052021|18|46|33|||SM37|SUPERMEDIA|02147260174||0431071807210|||||||DET|576,59|472,61|576,59|0|0|0|0|0|0|0|0|1||5025155034095|0766237|DYSON|V10ABSOLUT|1|499,00|0|499,00|409,02|VEN||0|408,20
06082021 00:00|09052021|18|46|33|||SM37|SUPERMEDIA|02147260174||0431071807210|||||||DET|576,59|472,61|576,59|0|0|0|0|0|0|0|0|2||8053470330636|0997158|ESTENDO|GRELH12+3DYT500|1|69,99|0|69,99|57,37|VEN||0|35,58
06082021 00:00|09052021|18|46|33|||SM37|SUPERMEDIA|02147260174||0431071807210|||||||DET|576,59|472,61|576,59|0|0|0|0|0|0|0|0|3||8012199652542|3242892|BTICINO|S3624DE|1|3,80|0|3,80|3,11|VEN||0|1,40
06082021 00:00|09052021|18|46|33|||SM37|SUPERMEDIA|02147260174||0431071807210|||||||DET|576,59|472,61|576,59|0|0|0|0|0|0|0|0|4||8012199652542|3242892|BTICINO|S3624DE|1|3,80|0|3,80|3,11|VEN||0|1,40
06082021 00:00|09052021|18|50|34|||SM37|SUPERMEDIA|02147260174|||||||||DET|99,90|81,89|99,90|0|0|0|0|0|0|0|0|1||0840023214639|1080815|MOTOROLA|MOTO E6I BLACK|1|99,90|0|99,90|81,89|VEN||0|70,50
06082021 00:00|09052021|19|53|36|||SM37|SUPERMEDIA|02147260174|||||||||DET|19,99|16,39|19,99|0|0|0|0|0|0|0|0|1||8018080175466|0348911|CELLULAR LINE|USBDATACMFIIPH5W|1|19,99|0|19,99|16,39|VEN||0|11,81
06082021 00:00|09052021|00|28|1|||SMW1|SUPERMEDIA|02147260174|||||||||DET|67,99|55,73|67,99|0|0|0|0|0|0|0|0|1||8003705117990|0972987|ARIETE|B-CHEESE 615|1|67,99|0|67,99|55,73|VEN||0|51,95
06082021 00:00|09052021|07|29|2|||SMW1|SUPERMEDIA|02147260174|||||||||DET|54,99|45,07|54,99|0|0|0|0|0|0|0|0|1||8003705117471|1015726|ARIETE|2791/50|1|54,99|0|54,99|45,07|VEN||0|43,77
06082021 00:00|09052021|12|30|3|||SMW1|SUPERMEDIA|02147260174|||||||||DET|34,99|28,68|34,99|0|0|0|0|0|0|0|0|1||8003705112063|0603350|ARIETE|980|1|34,99|0|34,99|28,68|VEN||0|28,63
06082021 00:00|09052021|15|31|4|||SMW1|SUPERMEDIA|02147260174|||||||||DET|37,99|31,14|37,99|0|0|0|0|0|0|0|0|1||4250366856148|0934458|GIGASET|E290BLACK|1|37,99|0|37,99|31,14|VEN||0|26,26
06082021 00:00|09052021|23|32|5|||SMW1|SUPERMEDIA|02147260174|||||||||DET|29,99|24,58|29,99|0|0|0|0|0|0|0|0|1||4211125756031|0992509|BEURER|GS340XXL|1|29,99|0|29,99|24,58|VEN||0|22,37
06082021 07:42|09052021|23|9999|9999|||SM1|SUPERMEDIA|02147260174|||||||||DET|0,01|0,01|0,01|0|0|0|0|0|0|0|0|1||2999999999999|6672941|SAMSUNG|1GB EGOKIT|1|0,01|0|0,01|0,01|VEN||0
06082021 07:42|09052021|23|9999|9999|||SM3|SUPERMEDIA|02147260174|||||||||DET|0,01|0,01|0,01|0|0|0|0|0|0|0|0|1||2999999999999|6672941|SAMSUNG|1GB EGOKIT|1|0,01|0|0,01|0,01|VEN||0
06082021 07:42|09052021|23|9999|9999|||SM4|SUPERMEDIA|02147260174|||||||||DET|0,01|0,01|0,01|0|0|0|0|0|0|0|0|1||2999999999999|6672941|SAMSUNG|1GB EGOKIT|1|0,01|0|0,01|0,01|VEN||0
06082021 07:42|09052021|23|9999|9999|||SM5|SUPERMEDIA|02147260174|||||||||DET|0,01|0,01|0,01|0|0|0|0|0|0|0|0|1||2999999999999|6672941|SAMSUNG|1GB EGOKIT|1|0,01|0|0,01|0,01|VEN||0
06082021 07:42|09052021|23|9999|9999|||SM6|SUPERMEDIA|02147260174|||||||||DET|0,01|0,01|0,01|0|0|0|0|0|0|0|0|1||2999999999999|6672941|SAMSUNG|1GB EGOKIT|1|0,01|0|0,01|0,01|VEN||0
06082021 07:42|09052021|23|9999|9999|||SM7|SUPERMEDIA|02147260174|||||||||DET|0,01|0,01|0,01|0|0|0|0|0|0|0|0|1||2999999999999|6672941|SAMSUNG|1GB EGOKIT|1|0,01|0|0,01|0,01|VEN||0
06082021 07:42|09052021|23|9999|9999|||SM13|SUPERMEDIA|02147260174|||||||||DET|0,01|0,01|0,01|0|0|0|0|0|0|0|0|1||2999999999999|6672941|SAMSUNG|1GB EGOKIT|1|0,01|0|0,01|0,01|VEN||0
06082021 07:42|09052021|23|9999|9999|||SM14|SUPERMEDIA|02147260174|||||||||DET|0,01|0,01|0,01|0|0|0|0|0|0|0|0|1||2999999999999|6672941|SAMSUNG|1GB EGOKIT|1|0,01|0|0,01|0,01|VEN||0
06082021 07:42|09052021|23|9999|9999|||SM16|SUPERMEDIA|02147260174|||||||||DET|0,01|0,01|0,01|0|0|0|0|0|0|0|0|1||2999999999999|6672941|SAMSUNG|1GB EGOKIT|1|0,01|0|0,01|0,01|VEN||0
06082021 07:42|09052021|23|9999|9999|||SM17|SUPERMEDIA|02147260174|||||||||DET|0,01|0,01|0,01|0|0|0|0|0|0|0|0|1||2999999999999|6672941|SAMSUNG|1GB EGOKIT|1|0,01|0|0,01|0,01|VEN||0
06082021 07:42|09052021|23|9999|9999|||SM18|SUPERMEDIA|02147260174|||||||||DET|0,01|0,01|0,01|0|0|0|0|0|0|0|0|1||2999999999999|6672941|SAMSUNG|1GB EGOKIT|1|0,01|0|0,01|0,01|VEN||0
06082021 07:42|09052021|23|9999|9999|||SM25|SUPERMEDIA|02147260174|||||||||DET|0,01|0,01|0,01|0|0|0|0|0|0|0|0|1||2999999999999|6672941|SAMSUNG|1GB EGOKIT|1|0,01|0|0,01|0,01|VEN||0
06082021 07:42|09052021|23|9999|9999|||SM27|SUPERMEDIA|02147260174|||||||||DET|0,01|0,01|0,01|0|0|0|0|0|0|0|0|1||2999999999999|6672941|SAMSUNG|1GB EGOKIT|1|0,01|0|0,01|0,01|VEN||0
06082021 07:42|09052021|23|9999|9999|||SM33|SUPERMEDIA|02147260174|||||||||DET|0,01|0,01|0,01|0|0|0|0|0|0|0|0|1||2999999999999|6672941|SAMSUNG|1GB EGOKIT|1|0,01|0|0,01|0,01|VEN||0
06082021 07:42|09052021|23|9999|9999|||SM34|SUPERMEDIA|02147260174|||||||||DET|0,01|0,01|0,01|0|0|0|0|0|0|0|0|1||2999999999999|6672941|SAMSUNG|1GB EGOKIT|1|0,01|0|0,01|0,01|VEN||0
06082021 07:42|09052021|23|9999|9999|||SM35|SUPERMEDIA|02147260174|||||||||DET|0,01|0,01|0,01|0|0|0|0|0|0|0|0|1||2999999999999|6672941|SAMSUNG|1GB EGOKIT|1|0,01|0|0,01|0,01|VEN||0
06082021 07:42|09052021|23|9999|9999|||SM38|SUPERMEDIA|02147260174|||||||||DET|0,01|0,01|0,01|0|0|0|0|0|0|0|0|1||2999999999999|6672941|SAMSUNG|1GB EGOKIT|1|0,01|0|0,01|0,01|VEN||0
06082021 07:42|09052021|23|9999|9999|||SM39|SUPERMEDIA|02147260174|||||||||DET|0,01|0,01|0,01|0|0|0|0|0|0|0|0|1||2999999999999|6672941|SAMSUNG|1GB EGOKIT|1|0,01|0|0,01|0,01|VEN||0
06082021 07:42|09052021|23|9999|9999|||SM41|SUPERMEDIA|02147260174|||||||||DET|0,01|0,01|0,01|0|0|0|0|0|0|0|0|1||2999999999999|6672941|SAMSUNG|1GB EGOKIT|1|0,01|0|0,01|0,01|VEN||0
06082021 07:42|09052021|23|9999|9999|||SM43|SUPERMEDIA|02147260174|||||||||DET|0,01|0,01|0,01|0|0|0|0|0|0|0|0|1||2999999999999|6672941|SAMSUNG|1GB EGOKIT|1|0,01|0|0,01|0,01|VEN||0
06082021 07:42|09052021|23|9999|9999|||SM44|SUPERMEDIA|02147260174|||||||||DET|0,01|0,01|0,01|0|0|0|0|0|0|0|0|1||2999999999999|6672941|SAMSUNG|1GB EGOKIT|1|0,01|0|0,01|0,01|VEN||0
06082021 07:42|09052021|23|9999|9999|||SM45|SUPERMEDIA|02147260174|||||||||DET|0,01|0,01|0,01|0|0|0|0|0|0|0|0|1||2999999999999|6672941|SAMSUNG|1GB EGOKIT|1|0,01|0|0,01|0,01|VEN||0
06082021 07:42|09052021|23|9999|9999|||SM46|SUPERMEDIA|02147260174|||||||||DET|0,01|0,01|0,01|0|0|0|0|0|0|0|0|1||2999999999999|6672941|SAMSUNG|1GB EGOKIT|1|0,01|0|0,01|0,01|VEN||0
06082021 07:42|09052021|23|9999|9999|||SM99|SUPERMEDIA|02147260174|||||||||DET|0,01|0,01|0,01|0|0|0|0|0|0|0|0|1||2999999999999|6672941|SAMSUNG|1GB EGOKIT|1|0,01|0|0,01|0,01|VEN||0
